Simulation Type = Penalty
alpha = 1time taken = 9820.135615348816
Number of individuals that produced no hold time = 7
Fixer Count = 0
****************************************************************************************************
INITIAL POPULATION:
Percent Helium |Driver Pressure (MPa) | p4 (MPa) | Throat Diameter (mm) | Reservoir Pressure (MPa)
     88.14     |        3.052        |  21.21  |        67.42        |          32.16          
     91.38     |        2.227        |  17.07  |        78.58        |          22.55          
     99.78     |        3.474        |  25.51  |        75.37        |          16.35          
     84.75     |        4.649        |  37.11  |        69.29        |          10.71          
     75.49     |        2.825        |  36.52  |        70.72        |          35.13          
     89.91     |        3.329        |  36.78  |        59.13        |          10.57          
     96.67     |        1.619        |  11.85  |         58.6         |          25.03          
     83.22     |        2.616        |  21.67  |        61.77        |          4.366          
     82.55     |        2.548        |  36.18  |        71.65        |          19.41          
     76.01     |        3.908        |  37.02  |        71.72        |          20.27          
     83.79     |        1.548        |  8.139  |        75.35        |          35.63          
      82.7      |        4.786        |   29.1   |        63.82        |          22.94          

Residual of Shock Speed (m/s) | Driver Hold Time (ms)
            89.58                    0.002        
            283.0                    0.003        
            788.8                      0.0          
            178.9                      0.0          
            211.5                    0.002        
            258.9                      0.0          
            322.5                    0.001        
            22.78                      0.0          
            71.65                    0.003        
            5.449                      0.0          
            5.197                    0.001        
            125.6                      0.0          

****************************************************************************************************
FINAL POPULATION:
Percent Helium | Driver Pressure (MPa) | p4 (MPa) | Throat Diameter (mm) | Reservoir Pressure (MPa)
     91.49              4.362           23.03          85.21                  24.35          
     89.69              6.426           33.01          89.47                  35.67          
     90.37              5.627           29.03          87.18                  30.13          
     90.39              5.592           28.86          86.97                  29.86          
     90.36               5.61            28.89           86.9                   29.86          
     90.45              5.604           28.58           86.8                   29.53          
     89.78              5.688           29.27          86.67                   30.3           
      89.8               5.676           29.09          86.66                  30.19          
     89.74              5.647           29.02          86.65                  29.95          
     89.74              5.641           28.95          86.62                  29.93          
     89.65              5.711           28.93          86.58                  29.87          
      89.7               5.661           28.54           86.3                   29.46          

Residual of Shock Speed (m/s) | Driver Hold Time (ms)
             0.0                     0.007        
            0.026                     0.02         
            1.428                    0.024        
            0.49                    0.003        
            1.539                    0.002        
            7.68                     0.01         
            0.219                    0.002        
            25.93                    0.025        
            31.44                    0.011        
            27.79                    0.025        
            44.2                    0.011        
            34.99                    0.001        
