Simulation Type = Penalty
time taken = 246.75799560546875
Number of individuals that produced no hold time = 7
Fixer Count = 0
****************************************************************************************************
INITIAL POPULATION:
Percent Helium |Driver Pressure (MPa) | p4 (MPa) | Throat Diameter (mm) | Reservoir Pressure (MPa)
     79.07     |          2.27          |12.42|        76.78        |          32.41          
     96.09     |          3.90          |34.35|        76.08        |          37.71          
     73.42     |          3.98          |35.78|        65.13        |          19.95          
     71.36     |          3.36          |32.34|        58.02        |          11.72          
     79.69     |          2.28          |17.33|        60.83        |          33.21          
     81.67     |          4.87          |25.01|        61.14        |           4.98           
     90.58     |          4.41          |26.76|        54.21        |           8.16           
     95.59     |          2.95          |34.68|        59.69        |          10.16          
     79.57     |          4.06          |31.35|        71.16        |           6.87           
     81.22     |          4.75          |26.52|        58.20        |          19.64          
     82.23     |          0.94          |26.93|        55.67        |          38.32          
     80.87     |          1.33          |23.17|        79.68        |          17.25          

Residual of Shock Speed (m/s) | Driver Hold Time (ms)
            252.29                      1.57          
            346.17                      1.99          
            248.40                      0.00          
            444.65                      0.00          
            316.06                      1.11          
            67.99                      0.00          
            94.91                      0.00          
            637.38                      0.00          
            127.51                      0.00          
            111.02                      0.00          
            335.49                      0.75          
            1.36                      2.33          

****************************************************************************************************
FINAL POPULATION:
Percent Helium | Driver Pressure (MPa) | p4 (MPa) | Throat Diameter (mm) | Reservoir Pressure (MPa)
     77.52               1.47            26.84          77.43                  18.30          
     78.62               2.82            39.06          76.84                  35.45          
     95.87               3.79            30.01          75.59                  35.25          
     98.02               3.91            24.72          76.36                  29.30          
     77.50               2.51            36.72          73.12                  36.25          
     79.45               1.74            25.96          78.16                  19.39          
     96.09               3.90            34.35          76.08                  37.71          
     79.72               0.83            16.70          80.72                  17.04          
     80.87               1.33            23.17          79.68                  17.25          
     96.56               3.90            21.52          74.46                  32.05          
     96.74               3.75            27.80          77.55                  36.30          
    100.23              3.62            34.63          77.40                  39.94          

Residual of Shock Speed (m/s) | Driver Hold Time (ms)
            106.77                      0.23          
            3.41                      2.10          
            155.39                      1.93          
           1008.39                     0.00          
            86.21                      2.33          
            983.98                      3.23          
            28.56                      1.13          
            233.99                      2.11          
            925.86                      0.00          
            488.51                      0.21          
            107.30                      1.01          
            454.32                      2.21          
