Simulation Type = ParentValue
alpha = 0.05time taken = 8945.965970516205
Number of individuals that produced no hold time = 4
Fixer Count = 1842
****************************************************************************************************
INITIAL POPULATION:
Percent Helium |Driver Pressure (MPa) | p4 (MPa) | Throat Diameter (mm) | Reservoir Pressure (MPa)
     97.49     |        4.572        |  32.79  |        51.31        |          29.88          
     91.24     |        1.632        |  9.155  |        61.77        |           17.4           
     78.14     |        1.686        |  20.48  |        66.17        |          36.38          
     84.28     |        4.215        |  37.97  |        83.35        |           7.41           
     71.14     |        1.775        |  18.63  |        84.74        |          17.88          
     77.64     |         3.08         |  34.53  |        51.46        |          3.251          
     99.14     |         4.76         |  29.88  |        64.68        |          34.17          
     76.12     |        1.926        |  19.31  |        81.47        |          23.21          
     92.53     |        4.898        |  28.41  |        59.03        |          36.95          
     81.61     |        2.908        |  31.38  |        73.65        |          2.935          
     97.57     |        3.981        |  37.21  |        54.16        |           26.4           
     73.53     |        1.532        |  30.21  |        57.13        |          30.32          

Residual of Shock Speed (m/s) | Driver Hold Time (ms)
            321.1                    0.003        
            219.5                    0.002        
            514.6                    0.001        
            159.4                      0.0          
            385.2                    0.003        
            78.74                      0.0          
            630.0                    0.005        
            166.8                    0.002        
            394.7                      0.0          
            12.19                      0.0          
            480.9                    0.004        
            16.3                    0.002        

****************************************************************************************************
FINAL POPULATION:
Percent Helium | Driver Pressure (MPa) | p4 (MPa) | Throat Diameter (mm) | Reservoir Pressure (MPa)
     89.77              4.957           28.08          61.16                  28.68          
     90.24              4.979           27.25          63.31                  28.08          
     90.24              4.979           27.25          63.31                  28.08          
     91.44              4.998           25.02          67.96                  25.94          
     91.44              4.999           25.02          67.93                  25.94          
     91.46              4.998           24.99           68.0                   25.91          
     91.46              4.998           24.99          68.02                   25.9           
     91.45              4.999           24.99          68.05                  25.89          
     91.45              4.999           24.99          68.08                  25.88          
     91.47               5.0             25.0           68.08                  25.89          
      91.5               4.998            25.0           68.15                  25.89          
     91.46              4.999            25.0           68.08                  25.89          

Residual of Shock Speed (m/s) | Driver Hold Time (ms)
            0.005                    0.007        
            0.011                    0.007        
            0.002                    0.007        
            0.097                    0.008        
             0.3                     0.008        
            0.179                    0.008        
            0.648                    0.008        
            0.176                    0.008        
            0.266                    0.008        
            0.082                    0.008        
            0.53                    0.008        
            2.497                    0.008        
