Simulation Type = ParentValue
step size = 0.005
pop size = 36
p4 treatment = hard_bounds_on_p4
time taken = 299364.4307439327
Number of generations = 750
Current Time = 2025-08-01 17:54:21
Number of individuals that produced no hold time = 1
Fixer Count = 565
****************************************************************************************************
INITIAL POPULATION:
Percent Helium |Driver Pressure (MPa) | p4 (MPa) | Throat Diameter (mm) | Reservoir Pressure (MPa) | Buffer Length (mm)
    99.2638    |        0.9209        |  23.5401  |        83.1132        |          4.1387                107.089      
    78.7516    |        2.43101        |  38.488  |        73.0326        |          4.89981                133.035      
    84.5279    |        1.70034        |  39.861  |        78.8861        |          5.0869                128.873      
    76.1185    |        0.82748        |  25.2348  |        71.0798        |          2.60941                137.347      
    88.9163    |        2.25521        |  39.9374  |        69.3741        |          4.8665                 148.47       
    71.6048    |        2.33695        |  35.8095  |        73.6922        |          7.6566                107.135      
    76.4274    |        0.33075        |  36.976  |        80.2421        |          1.29324                81.5917      
    75.9121    |        2.62256        |  39.051  |        81.5457        |          6.21416                59.7915      
    75.3112    |        0.92762        |  29.3583  |        84.0507        |          7.73141                96.0507      
    81.8948    |        2.28162        |  36.6573  |        76.7025        |          5.29647                 146.44       
    79.2505    |        2.62625        |  39.4652  |        71.5607        |          6.08894                123.189      
    81.2166    |        1.18415        |  24.0683  |        81.9027        |          5.31047                147.035      
    95.3091    |        0.4247        |  16.0483  |        70.1201        |          7.98206                115.089      
    99.4067    |        1.17179        |  26.4414  |        64.9855        |          4.11999                52.1847      
    77.4031    |        0.08713        |  29.8177  |        60.3714        |          3.57149                83.5501      
    79.8978    |        0.95759        |  37.6696  |        82.7867        |          5.10306                72.2765      
    77.0231    |        0.87908        |  17.9107  |        75.695        |          7.38474                 52.778       
    91.4089    |        0.60178        |  17.2366  |        78.7773        |          7.88891                143.238      
    72.5778    |        0.04463        |  17.1136  |        63.3408        |          4.84131                149.158      
    97.2583    |        2.3855        |  36.6875  |        61.4167        |          4.80242                120.502      
    91.0831    |        2.21828        |  33.1424  |        80.9719        |          2.27393                55.7559      
    98.5882    |        2.72902        |  39.93  |        83.1167        |          6.56855                73.8383      
    78.862    |        1.54727        |  36.4174  |        81.0965        |          7.92777                114.439      
    72.9849    |        0.83899        |  34.6222  |        69.5359        |          5.24119                90.4032      
    85.848    |        1.32498        |  35.5782  |        83.5419        |          4.67429                123.087      
    70.5958    |        2.44588        |  38.6687  |        53.8925        |          2.51917                125.088      
    99.738    |        0.46283        |  7.49648  |        59.5768        |          2.57996                80.8507      
    84.8565    |        2.42058        |  35.4025  |        76.0478        |          6.78895                56.5342      
    71.9762    |        0.78329        |  25.78  |        67.6893        |          3.1375                76.0221      
    96.3678    |        2.05406        |  30.3126  |        81.8159        |          4.87013                108.645      
    91.4074    |        0.11867        |  29.5821  |        66.2973        |          4.50463                110.115      
    81.2891    |        0.48662        |  12.2028  |        84.4585        |          1.76711                146.837      
    93.6182    |        2.49995        |  39.5918  |        58.1632        |          6.88785                104.948      
    71.2316    |        1.76924        |  29.2786  |        50.5765        |          3.72516                115.269      
    75.6153    |        2.28192        |  36.4664  |        68.7664        |          5.87189                115.855      
    74.5262    |        0.65141        |  21.9448  |        83.047        |          3.73924                88.4041      

Residual of Shock Speed (m/s) | Driver Hold Time (ms) | Piston Impact Speed (m/s)
           625.184                     0.0                     350.0           
           1943.51                     0.0                     350.0           
            1590.3                      0.0                     350.0           
           1894.07                     0.0                     350.0           
           1544.66                     0.0                     350.0           
           2152.24                     0.0                     350.0           
           1299.77                     0.0                     350.0           
           2039.18                     0.0                     350.0           
           1876.23                     0.0                     350.0           
           1816.29                     0.0                     350.0           
           1944.33                     0.0                     350.0           
            1731.4                      0.0                     350.0           
           1213.29                     0.0                     350.0           
           828.039                     0.0                     350.0           
           930.282             0.21000000000000002            135.531          
           1561.93                     0.0                     350.0           
           2143.11                     0.0                     350.0           
           1795.82                     0.0                     350.0           
           1139.62                     0.0                     350.0           
           1088.71                     0.0                     350.0           
           1550.44                     0.0                     350.0           
           942.275                     0.0                     350.0           
           1953.82                     0.0                     350.0           
           1778.34                     0.0                     350.0           
           1686.86                     0.0                     350.0           
           2135.83                     0.0                     350.0           
           1746.65                     0.0                     350.0           
           1816.84                     0.0                     350.0           
           1813.43                     0.0                     350.0           
           1248.33                     0.0                     350.0           
           233.081                     0.31                    120.602          
            1954.5                      0.0                     350.0           
            1300.5                      0.0                     350.0           
           2191.29                     0.0                     350.0           
           2044.07                     0.0                     350.0           
           2009.61                     0.0                     350.0           

****************************************************************************************************
FINAL POPULATION:
Percent Helium | Driver Pressure (MPa) | p4 (MPa) | Throat Diameter (mm) | Reservoir Pressure (MPa) | Buffer length (mm)
    91.5754            0.13635          36.1804          61.824                  4.66416                111.274      
    91.5746            0.13637          36.1859          61.8237                  4.6643                111.274      
    91.5757            0.13596          36.1133          61.7964                  4.66427                111.276      
    91.5826            0.13638          36.2103          61.7858                  4.66436                111.266      
    91.4626            0.13621          36.649          61.5297                  4.65028                111.707      
    91.5231            0.13647          36.9579          61.4756                  4.65474                112.075      
    91.9129            0.13284          33.5596          65.3407                  4.566                109.477      
    91.9958            0.13115          32.6957          65.3628                  4.49484                108.888      
    91.9858            0.13143          32.5066          65.4177                  4.50233                108.905      
    91.7162            0.13893          33.2225          65.436                  4.79334                110.123      
    91.7834            0.13928          32.5818          65.598                  4.79288                110.106      
    91.7014            0.14007          31.878          65.7006                  4.80016                110.326      
    91.7073            0.14085          31.3831          65.6418                  4.82305                110.154      
    91.7413            0.14181          31.1598          65.5475                  4.83083                110.335      
    91.7598            0.14164          30.8478          65.5457                  4.82614                110.496      
    92.0931            0.13283          28.7912          65.9617                  4.47446                108.442      
    91.693            0.13205          28.3109          65.8108                  4.42935                108.055      
    91.6592            0.1337          28.1958          65.8897                  4.4904                108.171      
    91.8219             0.133           27.6437          65.9223                  4.43516                108.434      
    89.6216            0.14206          30.4599          64.5051                  4.7704                111.329      
    91.3349            0.13419          27.1795          66.0393                  4.4653                108.458      
    91.3934            0.13305          26.7757          65.8987                  4.43653                107.148      
    91.4563            0.1331          26.2356          65.7637                  4.41482                106.693      
    91.4429            0.13285          26.1331          65.7544                  4.41849                106.741      
    91.3614            0.13281          25.7563          65.6894                  4.39956                106.656      
    91.3488            0.13268          25.612          65.6901                  4.39541                106.636      
    91.0994            0.1351          25.8861          65.4907                  4.45063                107.568      
    91.3704            0.13286          25.2669          65.6694                  4.38718                106.621      
    89.3336            0.14657          28.9417          62.7839                  5.00766                108.098      
    91.0979            0.13505          25.3558          65.6694                  4.4386                107.344      
    91.0905            0.13476          25.3376          65.6365                  4.43797                 107.37       
    89.1069            0.1446          27.6767          63.3044                  4.88743                  108.5        
    89.0725            0.14524          27.7524          63.2934                  4.89784                108.389      
    78.3301            0.0923          33.3684          60.833                  3.49089                82.4466      
    76.9695            0.09696          34.2001          60.9909                  3.66081                84.5478      
    77.0234            0.09697          33.4899          61.1642                  3.66323                84.4384      

Residual of Shock Speed (m/s) | Driver Hold Time (ms) | Piston Impact Speed (m/s)
             0.0               0.5199999999999999            24.154          
           0.04038                    0.53                   23.984          
           0.79581                    0.53                   27.719          
           1.57017                    0.53                   23.894          
           9.85492             0.5199999999999999            22.729          
           25.1256                    0.51                   22.513          
           62.7891                    0.54                   38.269          
           84.7882                    0.55                    38.98           
           95.0483             0.5599999999999999            39.094          
            117.91                     0.57                   37.352          
            141.21                     0.58                   37.949          
            180.16                      0.6                    38.018          
           203.882                    0.61                   37.915          
           214.818                    0.62                   35.217          
           226.279                    0.63                   37.716          
           257.495                    0.64                   41.225          
           305.502                    0.65                   40.185          
           320.057                    0.66                   40.106          
           331.528                    0.67                   40.666          
           391.023                    0.64                   27.955          
           392.294                    0.68                   39.847          
           402.966                    0.69                    39.99           
           425.045                     0.7                    37.945          
           429.956                    0.69                   39.939          
           453.771                    0.71                   39.663          
           461.254                    0.71                   39.698          
           473.959                    0.71                   36.094          
           477.702             0.7200000000000001            39.722          
           490.185                    0.67                   23.076          
           499.934             0.7200000000000001            36.737          
           500.131                    0.73                   38.681          
           551.719                    0.69                   27.784          
           553.077                    0.69                   24.365          
           618.044             0.5199999999999999            14.263          
           669.621             0.5199999999999999            11.904          
           691.688                    0.53                   15.883          
