Simulation Type = ParentValue
alpha = 0.1time taken = 282.92020654678345
Number of individuals that produced no hold time = 4
Fixer Count = 63
****************************************************************************************************
INITIAL POPULATION:
Percent Helium |Driver Pressure (MPa) | p4 (MPa) | Throat Diameter (mm) | Reservoir Pressure (MPa)
    73.0131    |        2.53692        |  32.6987  |        67.9873        |          28.2226          
    73.1727    |        2.82068        |  29.9286  |        81.589        |          38.8052          
    70.1193    |        4.68427        |  36.8412  |        70.8824        |          25.3693          
    87.0822    |        0.10838        |  3.24253  |        63.1502        |          35.9439          
    88.6002    |        4.48613        |  25.8193  |        57.4985        |          19.2836          
    71.6655    |        2.00441        |  36.9454  |        60.5231        |          33.5597          
    88.0837    |        3.50525        |  39.1346  |        62.6479        |          18.5279          
    85.9155    |        0.44454        |  24.1187  |        80.6583        |          29.6661          
    81.972    |        2.65482        |  26.4495  |        69.4604        |          9.92053          
    90.2996    |        2.02262        |  31.9485  |        74.0128        |          25.7402          
    73.1102    |        4.48091        |  31.9263  |        72.8526        |          33.4058          
    72.6574    |        0.56724        |  27.8478  |        60.348        |          10.7344          

Residual of Shock Speed (m/s) | Driver Hold Time (ms)
           1831.34                     0.0          
           2580.02                   0.00153        
           2052.17                     0.0          
           2632.42                   8e-05        
           2086.78                   0.00448        
           2229.19                   0.00085        
           1471.18                     0.0          
           1156.08                   0.00065        
           1766.75                     0.0          
           1280.03                   0.00014        
           2159.53                     0.0          
           1444.05                     0.0          

****************************************************************************************************
FINAL POPULATION:
Percent Helium | Driver Pressure (MPa) | p4 (MPa) | Throat Diameter (mm) | Reservoir Pressure (MPa)
    94.4331            1.97096          106.052          82.7647                  30.6476          
    99.7918            1.15787          45.1772          81.3147                  39.128          
    95.7248            1.55901          47.869          74.6363                  39.137          
    95.8514            1.4654          26.2551          72.9276                  23.2866          
    90.2996            2.02262          31.9485          74.0128                  25.7402          
    92.0552            4.5083          25.9468          59.2504                  24.9398          
    89.401            4.06551          22.3275          69.8854                  22.0507          
    95.7248            1.66568          86.2094          82.7018                  39.1394          
    90.3389            1.14813          57.415          71.7158                  35.4143          
    91.8947            1.80471          25.3816          75.8335                  18.701          
    89.5692            4.24427          24.4272          64.0198                  23.1727          
    86.1432            4.56244          26.2584          53.6107                  26.2968          

Residual of Shock Speed (m/s) | Driver Hold Time (ms)
           490.887                     0.0          
           166.227                     0.0          
           171.925                   0.00098        
           1093.82                     0.0          
           1585.51                     0.0          
           1512.85                     0.0          
           2209.98                   0.00374        
            163.52                      0.0          
           159.781                     0.0          
            1578.6                      0.0          
           1090.48                     0.0          
           2196.13                   0.00363        
