Simulation Type = ArnoldCHT_AL
step size = 0.1
pop size = 24
p4 treatment = None
git commit = 022a5a2-dirty
features = al_tol_schedule=[3585, 100.0, 100, 250], psucc_sentinel_as_failure=True
time taken = 119475.94307756424
Number of generations = 500
Current Time = 2026-08-23 23:49:17
Number of individuals that produced no hold time = 1
Fixer Count = 0
****************************************************************************************************
INITIAL POPULATION:
Percent Helium |Driver Pressure (MPa) | p4 (MPa) | Throat Diameter (mm) | Reservoir Pressure (MPa) | Buffer Length (mm)
    70.4372    |        0.14213          27.3383  |        82.2004        |          7.11884                 126.16       
    75.7213    |        0.01076          4.9888  |        52.2402        |          5.015                141.569      
    86.701    |        0.07839          14.0285  |        79.167        |          7.3252                98.5791      
    98.1123    |        0.02026          3.5704  |        81.6854        |          2.12153                 50.794       
    96.618    |        0.16484          21.2749  |        77.2994        |          4.96379                 70.813       
    94.4091    |        0.02813          10.1315  |        58.2435        |          6.99952                61.6536      
    82.9031    |        0.05831          20.1388  |        84.1096        |          4.70289                104.644      
    83.2216    |        0.17771          5.21254  |        79.2281        |          4.10882                91.6061      
    89.6701    |        0.07017          22.3444  |        81.001        |          6.39151                140.726      
    71.1494    |        0.09174          35.2807  |        76.087        |          5.48717                104.769      
    76.8736    |        0.06119          7.60742  |        59.4558        |          7.43344                 114.32       
    85.5815    |        0.02725          4.25995  |        67.5165        |          5.25397                69.7732      
    75.0249    |        0.13397          18.9552  |        80.0867        |          6.19975                83.9495      
    97.487    |        0.37573          7.21878  |        77.9322        |          7.60612                127.523      
    91.5183    |        0.16831          33.7808  |        66.9498        |          7.16644                60.1622      
    91.9546    |        0.01379          7.72261  |        62.5206        |          1.86677                67.6812      
    97.3442    |        0.10907          31.9365  |        70.0847        |          6.55692                 98.258       
    86.9089    |        0.20306          11.5188  |        84.1633        |          7.97355                111.421      
    78.3501    |        0.04485          26.317  |        78.2885        |          5.62525                62.4968      
    93.7277    |        0.15132          15.2937  |        82.8431        |          5.8826                113.023      
    81.7695    |        0.00195          0.49685  |        73.5455        |          6.76072                127.004      
    99.1873    |        0.04165          23.3536  |        51.6227        |          7.81309                103.826      
    88.1887    |        0.0897          21.4951  |        71.7721        |          7.38828                68.2581      
    72.5842    |        0.0253          14.7691  |        72.1396        |          7.16771                106.285      

Driver Hold Time (ms) | Piston Impact Speed (m/s)
0.99  45.1708
0.0  245.095
0.13999999999999999  40.3152
0.02  145.05
0.32  60.8752
0.05  31.7578
0.06999999999999999  40.1575
0.73  35.7983
0.25999999999999995  44.4812
0.0  350.0
0.13999999999999999  55.3151
0.12999999999999998  22.0522
0.27999999999999997  38.6092
0.19  47.0515
0.0  71.8438
0.0  140.124
0.12999999999999998  34.4689
0.12999999999999998  18.7382
0.06999999999999999  41.1801
0.32  13.5071
0.0  280.612
0.17  48.5282
0.13999999999999999  49.3384
0.13999999999999999  28.7129

****************************************************************************************************
FINAL POPULATION:
Percent Helium | Driver Pressure (MPa) | p4 (MPa) | Throat Diameter (mm) | Reservoir Pressure (MPa) | Buffer length (mm)
    99.8775    |        0.21251          9.33778  |        83.2062        |          5.49753                121.276      
    99.8458    |        0.21292          9.3486  |        83.1657        |          5.49343                121.194      
    99.7961    |        0.21251          9.41948  |        83.1399        |          5.4965                121.086      
    99.6172    |        0.20889          9.63264  |        83.2684        |          5.50416                121.218      
    99.4933    |        0.20972          9.68184  |        83.1997        |          5.51505                121.052      
    99.4384    |        0.21379          9.71706  |        83.1526        |          5.52917                120.974      
    99.4016    |        0.21353          9.75778  |        83.1222        |          5.53482                120.873      
    99.3419    |        0.21368          9.79927  |        83.0736        |          5.53626                120.817      
    99.364    |        0.21329          9.80916  |        83.0884        |          5.53504                120.791      
    99.2639    |        0.21152          9.89897  |        82.9003        |          5.53965                120.666      
    99.2373    |        0.21091          9.92517  |        82.8951        |          5.53899                120.621      
    99.1788    |        0.21058          9.99587  |        82.839        |          5.53215                120.489      
    99.8647    |        0.17916          10.016  |        82.9384        |          5.54225                119.524      
    99.7851    |        0.17981          10.0693  |        82.892        |          5.54854                119.462      
    99.774    |        0.18005          10.1125  |        82.8864        |          5.55923                119.453      
     99.78     |        0.18041          10.1129  |        82.8884        |          5.56096                119.528      
    99.7805    |        0.18004          10.0909  |        82.8982        |          5.54382                119.474      
    99.7314    |        0.18001          10.1815  |        82.8744        |          5.56588                119.509      
    99.7548    |        0.18012          10.2041  |        82.8797        |          5.56682                119.475      
    99.1165    |        0.17623          10.8036  |        82.2545        |          5.57398                 119.39       
    95.5342    |        0.15208          14.9337  |        80.3201        |          5.94032                106.004      
    95.4492    |        0.15191          15.3231  |        80.2442        |          5.97717                106.198      
    99.9822    |        0.21279          9.28455  |        83.2085        |          5.48582                 121.36       
    99.8416    |        0.17962          10.0425  |        82.9223        |          5.54334                119.522      

Driver Hold Time (ms) | Piston Impact Speed (m/s)
2.3600000000000003  34.9298
2.29  34.0989
2.33  34.6506
2.33  34.4918
2.22  33.6104
2.2  32.9378
2.21  33.0117
0.7200000000000001  32.9165
2.19  32.845
2.19  32.8552
2.17  32.3444
2.15  32.2956
2.17  32.2942
0.17  37.5834
1.06  1.27178
2.0799999999999996  47.7483
2.11  48.2064
0.16  38.4181
2.07  1.08871
0.21000000000000002  36.4844
1.96  0.70807
0.7699999999999999  0.73607
1.48  0.64954
0.17  36.7009
