Simulation Type = Penalty
alpha = 1e-05time taken = 6862.280242681503
Number of individuals that produced no hold time = 8
Fixer Count = 0
****************************************************************************************************
INITIAL POPULATION:
Percent Helium |Driver Pressure (MPa) | p4 (MPa) | Throat Diameter (mm) | Reservoir Pressure (MPa)
      80.3      |        4.157        |  34.19  |        64.16        |          10.81          
      94.3      |        3.195        |  37.97  |        56.73        |          12.57          
     71.57     |        0.361        |  20.96  |        84.79        |          16.94          
     83.66     |        3.744        |  34.32  |        79.14        |           13.3           
     74.29     |        4.503        |  29.65  |        73.88        |          35.89          
     92.76     |        4.787        |  37.11  |        81.58        |          16.91          
     71.07     |        2.391        |  13.53  |        64.98        |          13.56          
     76.24     |        0.503        |  17.95  |        53.89        |          2.421          
     90.22     |        3.628        |  25.55  |        58.35        |          10.01          
     78.66     |        2.526        |  23.75  |        65.43        |           3.34           
      78.9      |        3.518        |  23.18  |        59.19        |          6.382          
      75.4      |        4.994        |  28.61  |        69.83        |          31.45          

Residual of Shock Speed (m/s) | Driver Hold Time (ms)
            136.6                      0.0          
            814.5                      0.0          
            598.3                      0.0          
            23.67                      0.0          
            358.1                    0.004        
            692.1                      0.0          
            648.0                    0.003        
            791.9                      0.0          
            129.6                      0.0          
            344.6                      0.0          
            415.2                      0.0          
            342.2                      0.0          

****************************************************************************************************
FINAL POPULATION:
Percent Helium | Driver Pressure (MPa) | p4 (MPa) | Throat Diameter (mm) | Reservoir Pressure (MPa)
     86.63              6.261           39.86          66.21                  40.49          
     87.46              6.733           39.54          64.96                  40.63          
     87.62              6.836            39.5            64.7                   40.54          
     87.79              7.028           39.71          62.68                  40.83          
     87.79               7.05            39.68          62.56                  40.82          
     87.56              7.044           39.64          62.51                  40.75          
     87.58              7.058           39.61          62.43                  40.76          
      87.5               7.063           39.63          62.46                  40.71          
     87.15              7.073           39.54          62.45                  40.63          
     87.13              7.091           39.53          62.39                  40.62          
     87.14               7.11            39.52          62.29                  40.63          
     87.13               7.12            39.51          62.25                  40.61          

Residual of Shock Speed (m/s) | Driver Hold Time (ms)
             0.0                     0.038        
            0.056                    0.041        
            2.907                    0.041        
            0.226                    0.039        
            0.656                    0.039        
            13.16                    0.039        
            9.697                    0.024        
            14.18                    0.039        
            31.18                    0.044        
            29.74                    0.044        
            32.18                     0.04         
            33.67                     0.04         
