Simulation Type = ElitistCrossover
time taken = 15242.410288333893
Number of individuals that produced no hold time = 6
Fixer Count = 2275
************************************************************
INITIAL POPULATION:
[1.1679675237004374, 1.9789686605019052, 1.0217531328614176, 1.895842182976677, 1.0845615503134203]
(373.9637622482369, 0.0)
[1.6139431140807066, 1.6009303047435368, 1.1013058397839555, 1.219383793599038, 1.160373957731506]
(125.10349160797388, 0.0)
[1.7101709944043089, 1.0856596051373009, 1.9765143775319087, 1.4698501095692293, 1.5212352344512117]
(562.180839758121, 0.0002236491509843841)
[1.4087279171991005, 1.738072906232313, 1.0866095405473686, 1.6280722018240048, 1.3832243699744529]
(305.7006916767409, 0.005185731217262311)
[1.4840522289994482, 1.5946812210459944, 1.0291921696159019, 1.88819385564801, 1.8392184228692126]
(102.10235192804657, 0.0018465678093314147)
[1.3598084272108633, 1.767209057262904, 1.0260102877573516, 1.2842463820381678, 1.9860873770098117]
(174.61614673688018, 0.0)
[1.4767826183819224, 1.6793112819424767, 1.0124676025338097, 1.391584509323212, 1.0839223261410187]
(109.18856874596486, 0.0)
[1.7240315800641066, 1.3685989295059273, 1.1262699558383689, 1.9890954960726548, 1.439903774542147]
(379.16445636550407, 0.00040046818222766456)
[1.807512570241455, 1.8263921114602877, 1.03743847700434, 1.6861264476809557, 1.0014072048642924]
(339.621450000629, 0.0)
[1.1695293086620016, 1.4523077994034204, 1.109116187043868, 1.6997372976936882, 1.6483671351974625]
(272.4030631192877, 0.0019884960515673816)
[1.1287030450734363, 1.6322054823119545, 1.0566201387106307, 1.8388080562272922, 1.133785633054568]
(362.1857734509581, 0.0)
[1.6671774390271215, 1.0081409896463103, 1.2434877738010564, 1.2042475854847308, 1.9754147705500944]
(111.43911991581581, 0.002377919315405319)
************************************************************
FINAL POPULATION:
[1.8306140643014674, 1.5393996615186485, 1.0002129383119802, 1.3368161676654644, 1.2560486191839948]
(0.0018818067792381044, 0.00696068755536651)
[1.8306159727692448, 1.5394094726310819, 1.0002120246710706, 1.336814059374317, 1.2560478368023587]
(0.002190106748003018, 0.006962039313679044)
[1.7415937466453153, 1.8625872468290767, 1.0002109309375424, 1.4174234710848312, 1.4890229158334307]
(0.8677320810552374, 0.007216599413973457)
[1.7416260829070038, 1.8626400529278697, 1.0002091584101127, 1.4175774917770907, 1.4891138101554036]
(0.21082270056831476, 0.0072189815042657535)
[1.7156426569791057, 1.9908017331980774, 1.000204367984085, 1.5240627135811455, 1.587072042623358]
(35.325159126433846, 0.007551619515021542)
[1.7146916442215532, 1.9949828108562662, 1.0002120246710706, 1.4389610268765016, 1.5948619017133825]
(8.465314819543892, 0.007639118967902037)
[1.715773485181928, 1.9934863181300428, 1.0001949018069414, 1.439577405025274, 1.5916124733916428]
(3.834160387189513, 0.007657788443613568)
[1.7155393680776896, 1.994255009770644, 1.0002129064852725, 1.4375776787535466, 1.5926446121518867]
(9.582078761128287, 0.007637190462515493)
[1.714648091811751, 1.9938157021749656, 1.0001486601561076, 1.4387498802053382, 1.5905470702127937]
(1.1331469237811689, 0.007666991353984749)
[1.7155493809615134, 1.9959606240842007, 1.000213412755133, 1.5236218980065255, 1.59377611308921]
(25.9739120233221, 0.007589598496220144)
[1.715969667684264, 1.9987181829293676, 1.0001486601561076, 1.5014188945313283, 1.596860085485827]
(170.123551302961, 0.0018777371082335653)
[1.7731477344431124, 1.9991013123485013, 1.00021307612352, 1.4668184935732171, 1.5980006275020135]
(77.91846649451145, 0.00773779970738879)
