Simulation Type = RandomCrossover
time taken = 10060.245297908783
Number of individuals that produced no hold time = 3
Fixer Count = 2396
************************************************************
INITIAL POPULATION:
[1.5201313493670157, 1.7531530013772105, 1.0675721082699645, 1.2113614162210757, 1.3628722249847747]
(224.30650184783963, 0.0)
[1.4042704657452585, 1.5373783403419383, 1.0192068207611142, 1.2898111986504608, 1.9460941477624574]
(215.8306826398366, 0.0014838148474486529)
[1.8192717921272925, 1.1102832359822061, 1.402000416763219, 1.4651643464651427, 1.482153083855119]
(1012.6050364635217, 0.0006912373948023479)
[1.3310855712873884, 1.294550447400169, 1.1721870405488395, 1.8003623528081625, 1.674533393945531]
(176.5614421604564, 0.001828080603893327)
[1.8835574427534416, 1.177804862565527, 1.1796207583841287, 1.601691563515908, 1.7949878716017111]
(624.7958752437339, 0.0006608389176220864)
[1.935047004134401, 1.7188370541808167, 1.0089847142490194, 1.3457905705624997, 1.550672278320784]
(1719.7256734453667, 0.0)
[1.1168122023959342, 1.5228614828533718, 1.0104611389760276, 1.694860014135859, 1.9716790449659798]
(457.5653479275877, 0.0016805035112992944)
[1.256164775394431, 1.0094365541800825, 1.3147520637224122, 1.8022152907121387, 1.6130894660784754]
(306.48388115069474, 0.0010098833617066469)
[1.6615892143593527, 1.7654318322229265, 1.0646414893351026, 1.3798219733440806, 1.2338055770912326]
(295.98367195290393, 0.0)
[1.0547051609645142, 1.6273758845098314, 1.0953486763192388, 1.102722272302191, 1.179675351322601]
(153.63886850727886, 0.0)
[1.6711461449034857, 1.3552037837601274, 1.2063663983269257, 1.913495116613385, 1.759114738239083]
(906.7064597751705, 0.0)
[1.0177368256057724, 1.6996956099602918, 1.0841151610241841, 1.4918565281346277, 1.9751890104625764]
(202.44642255372264, 0.0019432478506922757)
************************************************************
FINAL POPULATION:
[1.71245323646215, 1.9727464652224644, 1.0013626057460947, 1.3184518067160342, 1.5774332493198988]
(0.00013336267056729412, 0.007405354335462869)
[1.7128381964047283, 1.9724837256212115, 1.0013138417739822, 1.3185451666116046, 1.5772847386468816]
(0.18289811034173908, 0.007422186682042149)
[1.7178763117750826, 1.9777558778597573, 1.0003268287240468, 1.570254532521343, 1.588223199628248]
(41.807632005546566, 0.007749577899376137)
[1.7142845466249206, 1.9997361953598491, 1.0003789229528177, 1.5745017785705682, 1.6040802109081786]
(5.082956489427488, 0.007612720014471663)
[1.7485230133383685, 1.9978447954846792, 1.0000251116922194, 1.543360404033174, 1.5982550945033478]
(0.8319006335764243, 0.007556821512185029)
[1.978999420117653, 1.9983608450495438, 1.0003682897032768, 1.3530981264863773, 1.6041240569007433]
(491.66702203578825, 0.007848372809957468)
[1.9790260580352714, 1.9986184890275103, 1.0003928481463087, 1.3527319710842287, 1.6040977171218718]
(491.9551443132218, 0.007848613782622013)
[1.9797077560840337, 1.9987704353266615, 1.0004323430369415, 1.3528292400756958, 1.6045038567405163]
(498.4776791223262, 0.007830187145983478)
[1.9798645847575986, 1.9989003633008193, 1.0004151149393654, 1.352833811649936, 1.6044941850227654]
(497.84967423232774, 0.00784791455359228)
[1.9802647922076582, 1.9999123713149531, 1.0003833415570045, 1.3524837645796508, 1.605058135054374]
(499.65815197232587, 0.00782607656813028)
[1.980890258791253, 1.9999088720590996, 1.00036554843407, 1.352589950836654, 1.6050795207967832]
(499.1351798738583, 0.007876625704199655)
[1.980967968399189, 1.9999950130021775, 1.0003770718013918, 1.352602255171277, 1.6051230975128672]
(499.65865121046227, 0.007884966984534926)
