Simulation Type = RandomCrossover
time taken = 11376.033735752106
Number of individuals that produced no hold time = 8
Fixer Count = 2436
****************************************************************************************************
INITIAL POPULATION:
Percent Helium |Driver Pressure (MPa) | p4 (MPa) | Throat Diameter (mm) | Reservoir Pressure (MPa)
     86.29     |        2.704        |  36.63  |        50.51        |           17.9           
     86.74     |        2.786        |  22.33  |        57.87        |           11.2           
     87.41     |        1.915        |  26.97  |        55.55        |          27.67          
     75.26     |         0.93         |  29.76  |        81.43        |          25.08          
     72.48     |        4.489        |  33.22  |        83.43        |          22.36          
     99.75     |        1.485        |  28.23  |        64.21        |          4.311          
     79.49     |        1.442        |  25.58  |        59.29        |          8.155          
     76.09     |        3.996        |  36.31  |        75.84        |          25.47          
      72.5      |        4.006        |  38.21  |        52.35        |          33.15          
     80.68     |         1.37         |  27.48  |        78.09        |          14.65          
     72.24     |        3.565        |  31.29  |        64.22        |          34.15          
     75.82     |        2.446        |   23.1   |        74.72        |          9.882          

Residual of Shock Speed (m/s) | Driver Hold Time (ms)
            472.3                      0.0          
            277.7                      0.0          
            127.6                      1.0          
            47.53                      1.0          
            301.6                      0.0          
            917.2                      0.0          
            102.5                      0.0          
            26.12                      0.0          
            29.93                      0.0          
            19.67                      1.0          
            486.3                      2.0          
            543.1                      0.0          

****************************************************************************************************
FINAL POPULATION:
Percent Helium | Driver Pressure (MPa) | p4 (MPa) | Throat Diameter (mm) | Reservoir Pressure (MPa)
     91.46              4.979           24.93          57.66                  25.33          
     91.49              4.986           24.93          57.65                  25.32          
     91.51              4.996           24.99          58.52                  25.41          
     91.96              4.998            25.0           58.43                  25.45          
     92.27              4.999           25.01          58.33                  25.45          
     92.37              4.998           24.99          58.33                  25.44          
     92.99              4.999           25.01          58.15                  25.47          
     93.74              4.993           24.97          57.96                  25.44          
     94.73               4.98             24.9           57.85                   25.4           
     94.96               5.0            25.01          57.75                  25.55          
     95.24               5.0            25.01          57.76                  25.55          
     95.51               5.0            25.01          57.72                  25.56          

Residual of Shock Speed (m/s) | Driver Hold Time (ms)
            0.006                      8.0          
            0.999                      8.0          
            31.59                      7.0          
            12.82                      8.0          
            37.92                      8.0          
            51.85                      8.0          
            73.61                      8.0          
            110.9                      8.0          
            165.2                      8.0          
            176.5                      8.0          
            195.8                      8.0          
            211.8                      8.0          
