Simulation Type = ParentValue
step size = 0.1
pop size = 36
p4 treatment = soft_bounds_on_p4
time taken = 41715.40831947327
Number of generations = 400
Current Time = 2025-07-06 10:20:18Number of individuals that produced no hold time = 36
Fixer Count = 10707
****************************************************************************************************
INITIAL POPULATION:
Percent Helium |Driver Pressure (MPa) | p4 (MPa) | Throat Diameter (mm) | Reservoir Pressure (MPa)
    89.5051    |        2.13741        |  14.0182  |        59.8599        |          26.1552          
    72.9973    |        4.95491        |  30.6869  |        57.2758        |          13.2988          
    92.8889    |        3.73343        |  34.7696  |        67.2167        |          9.0685          
    92.4381    |        2.76662        |  36.76  |        84.0136        |          7.24815          
    78.6479    |        3.64037        |  25.116  |        61.7042        |          4.19965          
    96.8739    |        3.71143        |  32.6258  |        76.7927        |          4.40115          
    83.7604    |        1.4091        |  15.1335  |        72.717        |          9.34983          
    92.4487    |        4.38385        |  32.6978  |        83.279        |          29.636          
    71.9853    |        0.18628        |  2.53397  |        64.8108        |          19.5223          
    98.5232    |        3.54355        |  23.31  |        67.7571        |          8.27484          
    94.7582    |        0.10802        |  7.09993  |        51.1429        |          5.6898          
    91.0483    |        3.16956        |  35.9441  |        77.6258        |          6.89409          
    98.3766    |        0.67977        |  35.9677  |        70.8926        |          3.49404          
    95.5301    |        3.63406        |  35.5554  |        84.5174        |          16.8227          
    71.5068    |        2.64815        |  27.1653  |        59.8988        |          22.5446          
    71.1974    |        1.29648        |  19.925  |        62.3413        |          39.8611          
    96.1424    |        3.67613        |  20.4747  |        71.0298        |          14.9059          
    84.4477    |        0.91188        |  24.4403  |        65.9698        |          20.253          
    83.0998    |        3.38142        |  27.4037  |        66.9123        |          13.6809          
    91.023    |        2.54612        |  37.8754  |        71.8252        |          24.6603          
    87.3226    |        1.89072        |  36.667  |        54.4767        |          5.06991          
    71.1002    |        3.88239        |  21.1035  |        54.6542        |          39.2866          
    70.4019    |        0.86788        |  13.516  |        50.0113        |          15.4233          
    83.3513    |        1.6375        |  24.9569  |        71.7577        |          26.9851          
    95.3798    |        2.29438        |  29.1302  |         83.8         |          38.561          
    78.7025    |        2.40007        |  20.1031  |        65.5153        |          34.0388          
    78.9422    |        0.80264        |  27.0327  |        71.0034        |          10.4615          
    75.7115    |        3.96316        |  37.0098  |        50.0335        |          4.75013          
    83.5397    |        3.38551        |  22.4442  |        73.122        |          15.4104          
    90.198    |        2.14101        |  22.6766  |        56.5783        |          7.69306          
    88.2084    |        1.33095        |  8.87753  |        80.2272        |          19.8478          
    95.398    |        2.52671        |  39.9744  |        51.17        |          5.66563          
    98.9992    |        2.90335        |  19.4712  |        65.7955        |          14.4799          
    74.3599    |        4.658        |  26.1856  |        67.3825        |          32.8725          
    83.5396    |        3.68827        |  38.0933  |        64.8133        |          35.75          
    81.8919    |        2.43036        |  19.4535  |        52.7187        |          25.7712          

Residual of Shock Speed (m/s) | Driver Hold Time (ms)
           1679.58                   0.00181        
           2441.52                     0.0          
            3500.0                      0.0          
           1609.61                     0.0          
           2347.78                     0.0          
            1711.5                      0.0          
           1936.56                   0.00145        
           1711.25                     0.0          
           2219.55                   0.00093        
            3500.0                      0.0          
           1809.64                   0.00011        
           1914.66                     0.0          
           615.207                     0.0          
            3500.0                      0.0          
           2279.57                   0.00233        
           2138.06                   0.00103        
            3500.0                      0.0          
           1389.23                   0.00018        
           2126.25                     0.0          
            3500.0                      0.0          
           2335.41                     0.0          
            2409.5                    0.00216        
           2769.31                   0.00083        
           1969.59                   0.00155        
           869.467                   0.00223        
            1989.3                    0.00163        
           1835.01                     0.0          
            3500.0                      0.0          
           2322.38                   0.00263        
           2095.07                     0.0          
           2469.41                   0.0016        
            3500.0                      0.0          
           1688.21                   0.00069        
           2500.35                   0.00208        
           2180.34                   0.00234        
           2250.57                   0.00164        

****************************************************************************************************
FINAL POPULATION:
Percent Helium | Driver Pressure (MPa) | p4 (MPa) | Throat Diameter (mm) | Reservoir Pressure (MPa)
    99.9801            0.69197          39.8568          72.0932                  18.5019          
    99.9942            0.76786          39.9454          69.416                  19.3742          
    99.9993            0.84304          39.3508          69.6869                  19.8839          
    99.9934            0.96567          39.9906          71.0441                  22.3762          
    99.9951            1.05652          39.9696          70.1025                  23.6647          
    99.992            1.1694          39.7234          70.7895                  24.7027          
    99.9885            1.30343          39.9994          73.6326                  27.1215          
    99.994            1.30858          38.2993          74.1988                  26.4302          
    99.9993            1.40137          37.5556          73.122                  26.3968          
    99.9988            1.78244          39.9999          84.3734                  35.907          
    99.9999            1.93222          39.6895          82.8105                  35.0821          
    99.9998            2.12551          39.9995          84.0835                  37.3063          
     100.0             2.25304          39.8526          82.9035                  37.6455          
    99.9986            2.44068          39.9996          83.2133                  39.0811          
    99.9996            2.53991          39.8614          83.5345                  39.514          
    99.9978            2.66862          39.8677          83.052                  39.959          
    99.9993            2.90558          39.771          79.7479                  39.9984          
    99.9997            2.98565          39.1915          80.0001                   40.0           
    99.9988            3.08264          38.3704          80.6715                  39.4416          
    99.9961            3.23284          38.3854          80.6262                  39.9745          
    99.9945            3.6125          39.9924          60.6113                  39.8223          
    99.9969            3.79441          39.967          59.9685                  39.998          
    99.9945            3.92553          39.612          59.468                  39.9795          
     100.0             4.08582          39.2793          58.8311                  39.8428          
    99.9975            4.28195          39.1395          58.048                  39.9907          
    99.9987            4.41692          38.9059          57.7502                  39.9788          
    99.9994            4.55591          38.3167          57.2146                  39.5139          
    99.9994            4.93025          38.5372          56.847                  39.7531          
     100.0             4.95406          38.0684          56.7096                  39.7417          
    99.558            4.97189          37.4579          57.9469                  39.1665          
    99.9982            4.96697          33.1766          50.0447                  33.9544          
    99.9981            4.99973          31.8608          50.188                  32.6036          
    99.9505            4.99141          31.3256          50.551                  32.0452          
    99.9967            4.9889          29.697          51.5449                  30.3819          
    99.9922            4.96773          28.7122          52.2868                  29.3677          
    99.9167            4.99948          27.7542          52.8702                  28.4293          

Residual of Shock Speed (m/s) | Driver Hold Time (ms)
           0.00018                   0.00102        
           58.6294                   0.0011        
           134.646                   0.00117        
           195.175                   0.00123        
           248.777                   0.00132        
           316.423                   0.0014        
           370.824                   0.00149        
           426.026                   0.00154        
           487.594                   0.00165        
           546.094                   0.00182        
           599.749                   0.00198        
           642.866                   0.00213        
           678.581                   0.00226        
           717.487                   0.00243        
           742.518                   0.00253        
           768.705                   0.00266        
           815.884                   0.0029        
           845.656                   0.00304        
           884.754                   0.00321        
           908.953                   0.0034        
           925.153                   0.00365        
           950.979                   0.0039        
           973.917                   0.00407        
           1002.88                   0.00433        
            1029.9                    0.00461        
           1051.14                   0.00483        
           1081.36                   0.0051        
           1114.05                   0.00549        
           1128.27                   0.00579        
           1191.58                   0.00589        
           1260.31                   0.00614        
            1300.8                    0.00636        
           1320.78                   0.00643        
           1364.29                   0.00668        
           1393.26                   0.00681        
           1433.54                   0.00705        
