Simulation Type = ParentValue
alpha = 0.1time taken = 446.02141284942627
Number of individuals that produced no hold time = 12
Fixer Count = 47
****************************************************************************************************
INITIAL POPULATION:
Percent Helium |Driver Pressure (MPa) | p4 (MPa) | Throat Diameter (mm) | Reservoir Pressure (MPa)
    97.8517    |        0.87976        |  27.2977  |        65.1953        |          19.6341          
    76.6515    |        1.60027        |  38.3915  |        73.3668        |          28.2341          
    89.7944    |        2.68373        |  31.0115  |        80.6518        |          3.65266          
    85.2664    |        3.26643        |  29.8106  |        66.7337        |          21.6214          
    97.298    |        3.89277        |  28.9605  |        61.958        |          14.1402          
    75.7221    |        4.30157        |  39.0413  |        64.8148        |          7.13182          
    72.5107    |        4.20765        |  23.0515  |        51.0639        |          30.1542          
    79.4599    |        1.91344        |  26.4287  |        80.567        |          28.6123          
    82.2173    |        3.85495        |  34.8251  |        66.3599        |          18.6523          
    77.7097    |        4.11565        |  26.4825  |        80.8754        |          39.9588          
    77.1451    |        1.88037        |  11.0463  |        68.0066        |          33.1987          
    86.6712    |        4.10314        |  26.0582  |        59.2431        |          20.1289          

Residual of Shock Speed (m/s) | Driver Hold Time (ms)
           1271.91                   0.0001        
           1727.75                   0.00097        
           1674.03                     0.0          
           2238.73                   0.00197        
           1383.65                     0.0          
            2184.7                      0.0          
           1721.09                     0.0          
           2197.03                   0.00061        
           1813.46                     0.0          
           2386.96                   0.00144        
           2483.53                   0.00062        
            2050.2                    0.00378        

****************************************************************************************************
FINAL POPULATION:
Percent Helium | Driver Pressure (MPa) | p4 (MPa) | Throat Diameter (mm) | Reservoir Pressure (MPa)
    98.6477            0.90066          51.0534          55.0413                  12.2886          
    98.6477            0.89825          49.81          54.7789                  22.3737          
    99.4905            1.27151          58.467          53.7286                  36.9197          
    99.4905            1.45055          52.1209          51.7633                  35.2978          
    97.1112            1.30494          41.7406          55.1255                  25.0869          
    97.3258            1.03093          32.6661          50.6153                  18.2175          
    92.3437            1.68553          22.2329          80.4974                  24.7136          
    79.0405            1.9431          35.9877          78.7958                  27.5653          
    79.6482            2.57463          33.9604          78.9397                  29.3741          
    89.7421            4.0691          25.0202          64.3809                  23.3554          
    90.3312            3.08628          18.977          69.3622                  20.794          
    86.1187            3.89975          23.9789          63.201                  24.3517          

Residual of Shock Speed (m/s) | Driver Hold Time (ms)
           3.26713                     0.0          
           165.169                   0.00127        
            1547.8                    8e-05        
           1261.24                     0.0          
           1172.24                     0.0          
           1706.99                   0.00131        
           1915.63                   0.00152        
           1703.32                   0.00151        
           1702.34                   0.0018        
           2118.29                   0.00388        
           1949.99                     0.0          
           262.657                     0.0          
