Simulation Type = ParentValue
alpha = 0.1time taken = 197.60348987579346
Number of individuals that produced no hold time = 5
Fixer Count = 82
****************************************************************************************************
INITIAL POPULATION:
Percent Helium |Driver Pressure (MPa) | p4 (MPa) | Throat Diameter (mm) | Reservoir Pressure (MPa)
    96.1669    |        3.20683        |  30.9632  |        54.506        |          4.56553          
    95.4612    |        4.24712        |  39.6282  |        69.1619        |          29.1763          
    85.0798    |        3.92251        |  29.3885  |        79.5524        |          33.7706          
    81.5456    |        2.74923        |  25.9969  |        52.4095        |          4.23699          
    97.0131    |        1.66137        |  21.8086  |        75.1096        |          28.1736          
    72.3875    |        0.77017        |  39.1569  |        64.6931        |          9.31726          
    79.8269    |        2.67769        |  34.002  |        57.6253        |          36.1609          
    94.0748    |        2.34919        |  32.1487  |        67.5328        |          38.2238          
    96.2932    |        3.46582        |  23.9031  |        55.1293        |          21.0544          
    87.3716    |        0.66545        |  5.54121  |        55.5225        |          18.4257          
    88.9108    |        1.21817        |  22.5073  |        62.1618        |          13.0179          
    80.2275    |        4.45215        |  33.4106  |        67.8883        |          17.1047          

Residual of Shock Speed (m/s) | Driver Hold Time (ms)
           1705.21                     0.0          
           446.304                     0.0          
           1955.22                   0.00253        
           1406.81                     0.0          
           1214.25                     0.0          
           1503.08                     0.0          
           1411.29                     0.0          
           1210.48                   0.00131        
           687.681                     0.0          
           2498.02                   0.00034        
           1752.19                   0.00231        
           1801.41                     0.0          

****************************************************************************************************
FINAL POPULATION:
Percent Helium | Driver Pressure (MPa) | p4 (MPa) | Throat Diameter (mm) | Reservoir Pressure (MPa)
    98.686            4.91289          117.619          71.6977                  34.9073          
    97.9227            1.95011          57.24          79.5889                  39.1746          
    99.543            2.36143          46.4364          76.5193                  38.0059          
    99.543            2.56215          38.4342          74.0111                  34.3951          
    97.9227            2.72099          37.6361          80.8608                  39.1913          
    93.617            2.9361          40.1806          70.9791                  38.2515          
    99.3871            4.66773          26.5655          65.673                  30.7598          
    99.3871            4.2085          23.9518          57.773                  23.3259          
    99.543            2.48877          65.9723          66.9343                  39.5542          
    99.543            2.08155          33.152          78.5512                  38.4415          
    97.9227            2.64971          36.6502          78.1595                  39.1897          
    97.9016            4.70914          25.4911          67.5977                  28.1572          

Residual of Shock Speed (m/s) | Driver Hold Time (ms)
           384.498                     0.0          
           902.097                     0.0          
           1663.84                   0.00114        
           859.131                   0.00082        
           350.101                     0.0          
            1040.7                    0.00159        
           1167.37                     0.0          
           1829.89                   0.0024        
           711.091                     0.0          
           1634.59                   0.00138        
           1796.42                   0.00174        
           991.215                     0.0          
