Simulation Type = ArnoldCHT_AL
step size = 0.1
pop size = 24
p4 treatment = None
git commit = 4e59b5a-dirty
features = al_proxy_front_min_size=12, al_proxy_front_only=True, al_proxy_g_quantile=0.75, al_tol_schedule=[3585, 100.0, 100, 250], psucc_sentinel_as_failure=True
time taken = 133527.7500948906
Number of generations = 500
Current Time = 2026-08-01 15:08:02
Number of individuals that produced no hold time = 0
Fixer Count = 0
****************************************************************************************************
INITIAL POPULATION:
Percent Helium |Driver Pressure (MPa) | p4 (MPa) | Throat Diameter (mm) | Reservoir Pressure (MPa) | Buffer Length (mm)
    70.4372    |        0.14213          27.3383  |        82.2004        |          7.11884                 126.16       
    75.7213    |        0.01076          4.9888  |        52.2402        |          5.015                141.569      
    86.701    |        0.07839          14.0285  |        79.167        |          7.3252                98.5791      
    98.1123    |        0.02026          3.5704  |        81.6854        |          2.12153                 50.794       
    96.618    |        0.16484          21.2749  |        77.2994        |          4.96379                 70.813       
    94.4091    |        0.02813          10.1315  |        58.2435        |          6.99952                61.6536      
    82.9031    |        0.05831          20.1388  |        84.1096        |          4.70289                104.644      
    83.2216    |        0.17771          5.21254  |        79.2281        |          4.10882                91.6061      
    89.6701    |        0.07017          22.3444  |        81.001        |          6.39151                140.726      
    71.1494    |        0.09174          35.2807  |        76.087        |          5.48717                104.769      
    76.8736    |        0.06119          7.60742  |        59.4558        |          7.43344                 114.32       
    85.5815    |        0.02725          4.25995  |        67.5165        |          5.25397                69.7732      
    75.0249    |        0.13397          18.9552  |        80.0867        |          6.19975                83.9495      
    97.487    |        0.37573          7.21878  |        77.9322        |          7.60612                127.523      
    91.5183    |        0.16831          33.7808  |        66.9498        |          7.16644                60.1622      
    91.9546    |        0.01379          7.72261  |        62.5206        |          1.86677                67.6812      
    97.3442    |        0.10907          31.9365  |        70.0847        |          6.55692                 98.258       
    86.9089    |        0.20306          11.5188  |        84.1633        |          7.97355                111.421      
    78.3501    |        0.04485          26.317  |        78.2885        |          5.62525                62.4968      
    93.7277    |        0.15132          15.2937  |        82.8431        |          5.8826                113.023      
    81.7695    |        0.00195          0.49685  |        73.5455        |          6.76072                127.004      
    99.1873    |        0.04165          23.3536  |        51.6227        |          7.81309                103.826      
    88.1887    |        0.0897          21.4951  |        71.7721        |          7.38828                68.2581      
    72.5842    |        0.0253          14.7691  |        72.1396        |          7.16771                106.285      

Driver Hold Time (ms) | Piston Impact Speed (m/s)
0.99  45.1708
0.0  245.095
0.13999999999999999  40.3152
0.02  145.05
0.32  60.8752
0.05  31.7578
0.06999999999999999  40.1575
0.73  35.7983
0.25999999999999995  44.4812
0.17  62.2836
0.13999999999999999  55.3151
0.12999999999999998  22.0522
0.27999999999999997  38.6092
0.19  47.0515
0.0  71.8438
0.0  140.124
0.12999999999999998  34.4689
0.12999999999999998  18.7382
0.06999999999999999  41.1801
0.32  13.5071
0.0  280.612
0.17  48.5282
0.13999999999999999  49.3384
0.13999999999999999  28.7129

****************************************************************************************************
FINAL POPULATION:
Percent Helium | Driver Pressure (MPa) | p4 (MPa) | Throat Diameter (mm) | Reservoir Pressure (MPa) | Buffer length (mm)
    98.2873    |        0.17974          10.3881  |        80.5723        |          5.26981                62.8559      
    98.0009    |        0.17753          10.5931  |        80.4359        |          5.25053                62.2261      
    97.8778    |        0.17058          10.8623  |        80.386        |          5.27297                62.8677      
    97.5245    |        0.16743          11.0912  |        81.1629        |          5.25237                63.0171      
    97.131    |        0.16381          11.4119  |        81.3083        |          5.25458                63.9371      
    97.0477    |        0.16206          11.5434  |        81.3324        |          5.2568                64.1029      
    96.5514    |        0.16108          11.8146  |        80.702        |          5.19337                63.4282      
    96.2689    |        0.15387          11.9903  |        80.9854        |          5.14095                64.2314      
    95.9735    |        0.151          12.2197  |        80.8785        |          5.13392                65.3205      
    95.8814    |        0.14973          12.9458  |        79.3853        |          5.29865                63.4186      
    95.882    |        0.1453          13.1646  |        79.2849        |          5.31072                63.8346      
    94.6945    |        0.14383          13.9026  |        81.8737        |          5.4649                61.1646      
    94.3299    |        0.1399          14.4478  |        81.8083        |          5.5133                60.6407      
    93.8327    |        0.13664          15.0619  |        81.8368        |          5.55299                60.6519      
    93.4979    |        0.13093          16.251  |        80.7926        |          5.6942                58.9352      
    93.249    |        0.12879          16.9404  |        80.5896        |          5.78253                59.1631      
    93.1151    |        0.12942          17.4786  |        80.1956        |          5.88103                64.4354      
    92.7948    |        0.12779          18.075  |        80.062        |          5.93635                64.7902      
    92.7091    |        0.1256          18.7817  |        80.1187        |          5.98207                65.5661      
    92.5002    |        0.12547          19.1506  |        79.9801        |          6.03218                66.4964      
    91.8933    |        0.12279          19.5495  |        79.9685        |          5.97296                 67.595       
    91.8139    |        0.12202          19.8315  |        79.9153        |          5.97909                67.8465      
    97.7561    |        0.13961          10.1793  |        81.2446        |          5.25698                63.8465      
    96.9125    |        0.13501          11.9946  |        80.3929        |          5.47211                62.9387      

Driver Hold Time (ms) | Piston Impact Speed (m/s)
1.05  36.3907
2.09  35.7144
2.0500000000000003  34.9977
1.99  34.2193
1.9400000000000002  32.947
0.92  32.5896
0.91  31.7674
1.82  30.3596
1.77  29.3753
1.7  28.8928
1.65  28.0541
1.58  27.1788
1.52  26.219
1.46  24.9718
1.38  23.591
0.65  22.5374
0.62  19.9367
1.26  18.9925
1.21  18.3689
0.61  17.1324
1.16  15.6742
0.62  15.4295
0.57  0.96522
0.5  0.87758
