Simulation Type = ParentValue
alpha = 0.1time taken = 13464.715684652328
Number of individuals that produced no hold time = 8
Fixer Count = 2805
****************************************************************************************************
INITIAL POPULATION:
Percent Helium |Driver Pressure (MPa) | p4 (MPa) | Throat Diameter (mm) | Reservoir Pressure (MPa)
    92.9266    |        4.04737        |  27.3706  |        50.3258        |          17.6097          
    76.6096    |        1.54982        |  31.9558  |        59.3316        |          6.62364          
    74.0661    |        0.37295        |  4.56601  |        66.837        |          9.67797          
    75.6189    |        3.98868        |  33.5571  |        56.6376        |          24.5724          
    86.6446    |        4.32452        |  26.64  |        59.6539        |          17.0922          
    97.0358    |        3.44786        |  21.4118  |        71.6539        |          39.3645          
    86.9905    |        0.65308        |  28.457  |        54.5192        |          27.0652          
    81.5161    |        0.51001        |  18.291  |        67.1586        |          6.95804          
    86.5045    |        1.11994        |  12.3889  |        52.2689        |          23.7251          
    94.6899    |        1.22943        |  31.8215  |        55.1476        |          34.8128          
    72.8701    |        3.03022        |  29.8976  |        68.0789        |          34.7898          
    70.4137    |        3.22152        |  34.4242  |        83.6332        |          38.547          

Residual of Shock Speed (m/s) | Driver Hold Time (ms)
           1861.58                     0.0          
           2019.61                     0.0          
           2650.46                   0.00141        
           2166.77                     0.0          
           2064.74                     0.0          
           1649.03                   0.0018        
           1334.36                   0.00055        
           1712.65                     0.0          
           2250.52                   0.00054        
           805.641                   0.00112        
           1933.32                     0.0          
           2259.96                   0.00268        

****************************************************************************************************
FINAL POPULATION:
Percent Helium | Driver Pressure (MPa) | p4 (MPa) | Throat Diameter (mm) | Reservoir Pressure (MPa)
    99.9328            1.48886          57.1497          55.7072                  38.1391          
    99.9908            1.55078          51.4347          55.7241                  34.7525          
    99.9784            1.70004          46.7634          55.9825                  33.3591          
    99.9999            2.32509          45.9682          59.6378                  39.116          
     100.0             2.86165          41.8725          59.8427                  38.6322          
    99.9931             3.088           37.852          61.3695                  35.953          
    99.9999            3.52242          34.5656          61.4951                  33.8282          
    99.9985            4.67663          38.5062          64.4328                  39.9832          
    99.9991            4.99981          37.6077          64.1053                  39.9984          
    99.9813            4.9997          34.1831          63.4255                  36.1515          
    99.9542            4.99976          31.3562          63.5775                  33.0561          
    99.9958            4.99962          25.4414          63.0994                  26.6221          

Residual of Shock Speed (m/s) | Driver Hold Time (ms)
           0.00076                   0.00124        
           155.709                   0.0014        
            333.16                    0.00162        
           531.802                   0.0021        
           751.637                   0.00274        
           900.684                   0.00321        
           1058.82                   0.00396        
           1085.29                   0.00503        
           1144.61                   0.00613        
           1237.03                   0.00645        
            1320.0                    0.0068        
           1502.33                   0.00787        
