Simulation Type = ParentValue
alpha = 0.1time taken = 668.6864671707153
Number of individuals that produced no hold time = 10
Fixer Count = 202
****************************************************************************************************
INITIAL POPULATION:
Percent Helium |Driver Pressure (MPa) | p4 (MPa) | Throat Diameter (mm) | Reservoir Pressure (MPa)
    75.7051    |        3.0903        |  37.2503  |        79.815        |          35.5881          
    74.4552    |        4.22499        |  38.0396  |        74.9642        |          7.21257          
    90.9733    |        3.20388        |  33.4906  |        69.7252        |          9.80054          
    79.299    |        2.2613        |  21.7721  |        68.756        |          18.0879          
    76.1749    |        1.86713        |  16.6674  |        62.8802        |          10.4223          
    86.241    |        3.42671        |  26.9861  |        74.0801        |          25.5662          
    85.912    |        0.93882        |  16.0389  |        79.8133        |          16.444          
    88.9721    |        0.97298        |  35.9636  |        77.735        |          3.50026          
    71.6006    |        0.31028        |  21.0718  |        81.8623        |          38.2724          
    73.261    |        3.35427        |  18.1406  |        57.4587        |          33.3309          
    83.7268    |        2.1073        |  33.0485  |        55.7413        |          8.69456          
    95.2046    |        4.38252        |  24.5238  |        76.9763        |          23.9063          

Residual of Shock Speed (m/s) | Driver Hold Time (ms)
           1974.03                     0.0          
           1978.51                     0.0          
           1966.28                     0.0          
           1963.03                   0.00246        
           2428.38                   0.00113        
           1816.15                     0.0          
           2206.08                   0.0005        
           1406.69                     0.0          
           1814.43                   0.00011        
            2601.0                    0.00137        
           1989.57                     0.0          
           1490.36                   0.00224        

****************************************************************************************************
FINAL POPULATION:
Percent Helium | Driver Pressure (MPa) | p4 (MPa) | Throat Diameter (mm) | Reservoir Pressure (MPa)
    94.2371            1.51234          97.019          82.094                  17.4306          
    98.6319            0.74853          46.3991          82.094                  16.9827          
    97.3668            0.74853          44.5984          74.831                  21.9163          
    97.4984            0.78569          38.1986          57.3409                  19.6977          
    94.2371            0.74853          34.2956          82.094                  16.9827          
    96.5977            0.80311          25.7259          57.1589                  11.9491          
    99.6667            3.76098          30.3612          73.3408                  30.0071          
    99.3267            4.9104          31.9205          82.3016                  33.8985          
    99.3267            4.10708          101.321          62.3294                  23.8813          
    95.1612            0.78569          35.9736          59.9497                  27.0056          
    99.3267            4.81928          31.3281          65.8053                  32.1554          
    95.2046            4.52527          29.4169          73.0039                  30.7512          

Residual of Shock Speed (m/s) | Driver Hold Time (ms)
           1319.54                   0.0006        
           558.084                     0.0          
           1247.21                   0.00011        
            2.6785                      0.0          
           1157.79                     0.0          
           1298.83                   0.00213        
           1364.96                   0.00583        
           1543.46                     0.0          
           235.402                     0.0          
           1193.31                     0.0          
            322.71                      0.0          
           1085.73                     0.0          
