Simulation Type = Penalty
time taken = 178.21869540214539
Number of individuals that produced no hold time = 6
Fixer Count = 0
************************************************************
INITIAL POPULATION:
[1.7479313037002238, 1.5374308276964088, 1.134168695817273, 1.8987777822905927, 1.3551868018481625]
(701.4244854248577, 0.0)
[1.8743997763449252, 1.892374037755851, 1.02604412884169, 1.242463033380571, 1.3199821202370228]
(622.0764035155407, 0.0)
[1.1164868773520127, 1.9753097767919405, 1.0024083294502388, 1.2830887991906355, 1.1962457236583748]
(444.0048362014404, 0.0)
[1.803354088913748, 1.0900369175260725, 1.7505674114142562, 1.9551226079787347, 1.638769315260523]
(344.7453737177225, 8.121381491157584e-05)
[1.738409015576022, 1.3496965864173598, 1.2533097243890876, 1.4002150845305172, 1.3043691343611634]
(818.3165916029038, 0.0)
[1.1491827233664902, 1.0836571411115878, 1.9909648840179348, 1.7084689165649953, 1.7029134924610292]
(10000.0, 0.0)
[1.7769542639182148, 1.4364364104327974, 1.125301233406621, 1.8415058461611173, 1.9733137100117384]
(715.3092296274881, 0.0015614311229598023)
[1.0358043437582238, 1.1972668824284527, 1.152218119478408, 1.0751161157581883, 1.2801777379905728]
(585.3416686647806, 0.0014039198703832238)
[1.161375301496175, 1.537305685100045, 1.1295899883516782, 1.383861081668102, 1.4617840328262866]
(105.50750455844536, 0.0)
[1.4651963784964233, 1.5716840537211738, 1.022659784320889, 1.0649589361217728, 1.1570071620122178]
(100.44238681353272, 0.0)
[1.2537591908003147, 1.0669897842224145, 1.7687696511226827, 1.3158805850873287, 1.5040792241418823]
(392.6447087533679, 0.00045177382767560073)
[1.8055057094203022, 1.1697504334473559, 1.1647586855258338, 1.6870437127301632, 1.2510973936849377]
(377.12370868998323, 0.002931885434567162)
************************************************************
FINAL POPULATION:
[1.067157593849392, 1.5712430358225884, 1.2163108715056883, 1.4038246070860743, 1.4634295533856263]
(40.20523324707847, 0.0)
[1.7999204280005925, 1.1971393658576448, 1.0817573231995743, 1.6753370574618922, 1.2214628060138282]
(194.67306649657894, 0.0010543189305229385)
[1.7519196341302063, 1.224922856937711, 1.157429194832594, 1.7601700201625863, 1.2878224633639026]
(181.24154234682874, 0.0013321460299712366)
[1.818433778878882, 1.2623976971240727, 1.1172087604321392, 1.6486783491207975, 1.2550566316141785]
(670.5134610362852, 0.00045777073687442923)
[1.0916737640857719, 1.1766392223840243, 1.1353474555939709, 1.040275581122526, 1.168687089870894]
(58.79042280282192, 0.0)
[1.4409351988853607, 1.6569381242442556, 1.0637173879003459, 1.0494921055820117, 1.1586295782120388]
(470.87000002740433, 9.034381574392e-05)
[1.2382676622583915, 1.040903861799697, 1.7991403089231972, 1.321997915673306, 1.327172789925761]
(268.5304361825647, 0.0)
[1.7242639195105616, 1.1121867581585358, 1.1975995351145259, 1.79046433764519, 1.2338302355949156]
(568.5312653034184, 0.0)
[0.9775783707120131, 1.2808281866453475, 1.1711589843414283, 0.949308067212441, 1.37075265077804]
(51.296842803963955, 0.0)
[1.7235679947913716, 1.1778866397028858, 1.2109705127632386, 1.7483885544184012, 1.2374092989787702]
(293.7778164493611, 0.001493178620103175)
[1.8874491812985554, 1.20953433577268, 1.1585399916926526, 1.6972409468123455, 1.2482732897570474]
(388.55815907479973, 0.003015731825715129)
[1.8055057094203022, 1.1697504334473559, 1.1647586855258338, 1.6870437127301632, 1.2510973936849377]
(378.38141515903726, 0.002543963677616991)
