Simulation Type = ArnoldCHT_AL
step size = 0.1
pop size = 24
p4 treatment = None
git commit = 022a5a2-dirty
features = al_tol_schedule=[3585, 100.0, 100, 250], psucc_sentinel_as_failure=True
time taken = 117458.97612166405
Number of generations = 500
Current Time = 2026-08-26 19:41:59
Number of individuals that produced no hold time = 1
Fixer Count = 0
****************************************************************************************************
INITIAL POPULATION:
Percent Helium |Driver Pressure (MPa) | p4 (MPa) | Throat Diameter (mm) | Reservoir Pressure (MPa) | Buffer Length (mm)
    70.4372    |        0.14213          27.3383  |        82.2004        |          7.11884                 126.16       
    75.7213    |        0.01076          4.9888  |        52.2402        |          5.015                141.569      
    86.701    |        0.07839          14.0285  |        79.167        |          7.3252                98.5791      
    98.1123    |        0.02026          3.5704  |        81.6854        |          2.12153                 50.794       
    96.618    |        0.16484          21.2749  |        77.2994        |          4.96379                 70.813       
    94.4091    |        0.02813          10.1315  |        58.2435        |          6.99952                61.6536      
    82.9031    |        0.05831          20.1388  |        84.1096        |          4.70289                104.644      
    83.2216    |        0.17771          5.21254  |        79.2281        |          4.10882                91.6061      
    89.6701    |        0.07017          22.3444  |        81.001        |          6.39151                140.726      
    71.1494    |        0.09174          35.2807  |        76.087        |          5.48717                104.769      
    76.8736    |        0.06119          7.60742  |        59.4558        |          7.43344                 114.32       
    85.5815    |        0.02725          4.25995  |        67.5165        |          5.25397                69.7732      
    75.0249    |        0.13397          18.9552  |        80.0867        |          6.19975                83.9495      
    97.487    |        0.37573          7.21878  |        77.9322        |          7.60612                127.523      
    91.5183    |        0.16831          33.7808  |        66.9498        |          7.16644                60.1622      
    91.9546    |        0.01379          7.72261  |        62.5206        |          1.86677                67.6812      
    97.3442    |        0.10907          31.9365  |        70.0847        |          6.55692                 98.258       
    86.9089    |        0.20306          11.5188  |        84.1633        |          7.97355                111.421      
    78.3501    |        0.04485          26.317  |        78.2885        |          5.62525                62.4968      
    93.7277    |        0.15132          15.2937  |        82.8431        |          5.8826                113.023      
    81.7695    |        0.00195          0.49685  |        73.5455        |          6.76072                127.004      
    99.1873    |        0.04165          23.3536  |        51.6227        |          7.81309                103.826      
    88.1887    |        0.0897          21.4951  |        71.7721        |          7.38828                68.2581      
    72.5842    |        0.0253          14.7691  |        72.1396        |          7.16771                106.285      

Driver Hold Time (ms) | Piston Impact Speed (m/s)
0.99  45.1708
0.0  245.095
0.13999999999999999  40.3152
0.02  145.05
0.32  60.8752
0.05  31.7578
0.06999999999999999  40.1575
0.73  35.7983
0.25999999999999995  44.4812
0.0  350.0
0.13999999999999999  55.3151
0.12999999999999998  22.0522
0.27999999999999997  38.6092
0.19  47.0515
0.0  71.8438
0.0  140.124
0.12999999999999998  34.4689
0.12999999999999998  18.7382
0.06999999999999999  41.1801
0.32  13.5071
0.0  280.612
0.17  48.5282
0.13999999999999999  49.3384
0.13999999999999999  28.7129

****************************************************************************************************
FINAL POPULATION:
Percent Helium | Driver Pressure (MPa) | p4 (MPa) | Throat Diameter (mm) | Reservoir Pressure (MPa) | Buffer length (mm)
    99.9304    |        0.20927          9.40502  |        83.2822        |          5.54938                100.357      
    99.8927    |        0.21006          9.46555  |        83.339        |          5.56905                100.142      
    99.8079    |        0.20794          9.62743  |        83.3209        |          5.5815                100.395      
    99.6572    |        0.2039          9.73455  |        83.1615        |          5.55879                100.971      
    99.6237    |        0.20499          9.77513  |        83.1378        |          5.56904                101.018      
    99.4992    |        0.20387          9.87787  |        83.156        |          5.56382                101.173      
    99.495    |        0.20391          9.89225  |        83.1545        |          5.56347                 101.17       
    99.2635    |        0.20043          10.0925  |        83.0927        |          5.56562                99.8228      
    99.1737    |        0.20092          10.1879  |        83.0895        |          5.58083                 99.939       
    99.0976    |        0.19624          10.3818  |        82.9026        |          5.59594                99.2838      
    98.8446    |        0.19733          10.3612  |        82.8612        |          5.52823                98.2951      
    98.8381    |        0.19706          10.3883  |        82.8593        |          5.52965                98.3062      
    98.784    |        0.19294          10.515  |        82.8225        |          5.53661                98.5096      
    98.7614    |        0.19281          10.5821  |        82.7883        |          5.55006                98.5483      
    98.6878    |        0.19304          10.7006  |        82.8688        |          5.57498                98.9091      
    98.6778    |        0.19171          10.8249  |        82.6904        |          5.60583                98.7652      
    98.6099    |        0.19051          10.9205  |        82.6919        |          5.60424                98.6797      
    98.4999    |        0.18489          11.2572  |        82.6812        |          5.66731                 98.943       
    98.4854    |        0.18547          11.2778  |        82.6939        |          5.67152                98.9664      
    98.3668    |        0.18457          11.3202  |        82.9907        |          5.65356                99.0064      
    98.8008    |        0.16652          11.4036  |        82.816        |          5.74831                99.0509      
    98.8245    |        0.16674          11.393  |        82.8134        |          5.74677                99.0768      
    98.5297    |        0.16623          12.3584  |        82.4878        |          5.9636                 99.579       
    98.4942    |        0.16595          12.3248  |        82.5046        |          5.95489                99.6193      

Driver Hold Time (ms) | Piston Impact Speed (m/s)
2.29  37.2715
0.71  37.3769
2.3  37.0309
2.26  36.3487
2.2399999999999998  36.1026
2.22  35.5822
2.22  35.5584
2.18  34.8782
2.14  34.5361
2.12  34.2468
2.1  33.6452
2.09  33.6007
1.0399999999999998  33.1999
2.06  33.061
2.0300000000000002  32.7328
2.0  32.5735
0.99  32.3318
1.96  32.0299
1.95  31.8907
1.9300000000000002  31.5659
1.91  0.8005
1.91  0.769
1.8  0.62497
1.0  0.64555
