Simulation Type = ParentValue
step size = 0.1
pop size = 36
p4 treatment = soft_bounds_on_p4
time taken = 30547.368641138077
Number of generations = 400
Current Time = 2025-07-05 22:45:01Number of individuals that produced no hold time = 24
Fixer Count = 11247
****************************************************************************************************
INITIAL POPULATION:
Percent Helium |Driver Pressure (MPa) | p4 (MPa) | Throat Diameter (mm) | Reservoir Pressure (MPa)
    93.4295    |        1.33199        |  32.3908  |        50.871        |          34.5548          
    76.5047    |        2.86996        |  24.4798  |        70.0015        |          16.8759          
    89.6841    |        0.39258        |  8.87757  |        62.2268        |          2.03434          
    86.423    |        3.65184        |  30.7784  |        73.2382        |          32.5472          
    82.4709    |        3.8058        |  35.3899  |        51.8696        |          35.418          
    94.0821    |        0.06917        |  0.90718  |        60.6536        |          1.8776          
    86.3955    |        0.50014        |  21.1934  |        63.8178        |          19.5893          
    92.6205    |        2.32011        |  35.8027  |        68.6615        |          26.1633          
    86.8089    |        1.69235        |  32.8578  |        51.959        |          8.78234          
    96.3756    |        3.46397        |  20.8182  |        81.9306        |          17.9771          
    81.0444    |        0.00457        |  0.19196  |        61.7194        |          28.146          
    88.2582    |        2.21926        |  18.8062  |        80.8595        |          36.4843          
    85.7531    |        0.02972        |  1.90896  |        67.7364        |          34.9615          
    88.3911    |        3.03114        |  16.7009  |        76.074        |          13.3973          
    93.3649    |        1.37589        |  23.4859  |        66.2581        |          10.3201          
    76.1872    |        1.84641        |  10.3132  |        51.507        |          12.0263          
    81.0108    |        4.93805        |  34.3767  |        66.5833        |          38.0429          
    97.8799    |        2.49256        |  38.8948  |        83.8608        |          16.9674          
    87.4165    |        1.01184        |  29.8805  |        53.9393        |          19.4923          
    90.5327    |        3.76458        |  38.9265  |        56.9361        |          12.5953          
    93.6624    |        3.09376        |  38.3662  |        69.7284        |          20.6725          
    76.933    |        0.22511        |  12.71  |        59.0873        |          38.1273          
    95.0193    |        4.67427        |  35.8828  |        58.7656        |          7.83194          
    97.9283    |        1.20448        |  18.538  |        58.4463        |          38.6736          
    77.2014    |        3.73327        |  26.6055  |        83.8715        |          26.3974          
    74.9644    |        2.90097        |  19.3009  |        80.4573        |          21.7685          
    87.843    |        4.57054        |  36.5297  |        54.4626        |          30.6902          
    73.1303    |        4.64594        |  36.2743  |        52.2535        |          16.592          
    90.7643    |        4.44983        |  30.3128  |        53.0183        |          31.955          
    73.1489    |        1.72988        |  18.2866  |        76.6923        |          13.4725          
    83.0985    |        2.84369        |  18.6836  |        50.5351        |          23.1524          
    79.6193    |        1.35339        |  17.9729  |        61.4892        |          1.53596          
    94.5609    |        1.3351        |  34.012  |        60.3774        |          3.62792          
    91.604    |        3.56083        |  25.7073  |        52.472        |          31.579          
    91.5506    |        0.43255        |  8.39218  |        56.7939        |          4.84977          
    86.5247    |        0.53762        |  35.6149  |        57.7156        |          34.2586          

Residual of Shock Speed (m/s) | Driver Hold Time (ms)
           1002.91                   0.00143        
            2350.7                    0.00285        
           2379.88                   0.00141        
           2135.26                   0.00204        
           2394.41                   0.00197        
           2395.43                   0.00434        
           1651.09                   0.00032        
           1826.09                   0.00163        
            3500.0                      0.0          
           1574.42                     0.0          
            3500.0                    0.00016        
           2002.54                   0.00118        
           2724.66                   8e-05        
           2194.06                   0.00496        
            3500.0                      0.0          
           2769.55                   0.00179        
           2274.66                   0.00356        
            3500.0                      0.0          
            3500.0                      0.0          
            3500.0                      0.0          
            3500.0                      0.0          
           1820.13                   0.0001        
           1651.71                     0.0          
           1507.68                   0.00092        
            3500.0                      0.0          
           2375.13                   0.00331        
            3500.0                      0.0          
            3500.0                      0.0          
           2050.15                   0.00227        
           2767.29                   0.00168        
           2104.94                     0.0          
           2699.26                     0.0          
            3500.0                      0.0          
            2068.6                    0.00205        
           1908.94                     0.0          
           1352.13                   0.00022        

****************************************************************************************************
FINAL POPULATION:
Percent Helium | Driver Pressure (MPa) | p4 (MPa) | Throat Diameter (mm) | Reservoir Pressure (MPa)
    99.9891            0.65706          38.9171          82.6296                  20.5694          
    99.9924            0.76872          39.9419          80.5679                  22.2625          
    99.891            0.95202          39.994          75.4626                  25.3189          
    99.9985            1.09749          39.522          59.491                  22.09          
    99.9867            1.13396          38.0549          55.9816                  21.4107          
    99.9937            1.41621          39.9695          61.2673                  26.8705          
    99.9982            1.57172          39.9915          59.9364                  28.339          
    99.9992            1.70909          39.4884          59.3018                  28.6305          
    99.9926            1.85733          39.356          54.0212                  29.1698          
    99.9936            2.05571          39.91          54.6164                  31.227          
    99.9985            2.15341          38.5732          53.9589                  30.7206          
    99.9972            2.58992          39.9993          52.8223                  35.1739          
    99.9958            2.68203          39.9603          53.6061                  35.1522          
    99.9982            2.81954          39.999          53.8718                  35.9461          
    99.9999            3.03561          39.9958          51.8106                  37.0585          
    99.9975            3.15323          39.9665          51.7706                  37.0522          
    99.9998            3.31396          39.9901          53.2777                  37.9255          
    99.9993            3.43312          39.6716          53.0147                  37.8269          
    99.9987            3.52145          39.1872          52.3461                  37.5218          
    99.9728            3.69019          39.6488          53.1302                  38.5743          
    99.932            3.86905          39.8537          54.106                  39.3721          
    99.9968            4.06909          39.9797          54.4265                  39.9575          
    99.9736            4.14918          39.7027          54.8559                  39.997          
    99.9968            4.23794          39.4176          55.0558                  39.9577          
    99.9968            4.37264          39.2968          55.4926                  39.9578          
    99.9818            4.45892          39.1472          55.0269                  39.9633          
    99.9612            4.53864          38.9129          55.4233                  39.9634          
    99.9938            4.69189          38.8998          55.4765                  39.9519          
    99.9966            4.72408          38.6411          55.7277                  39.9264          
    99.9916            4.89726          38.6016          56.199                  39.9851          
    99.9916            4.97474          38.4147          56.4828                  39.9852          
    99.9971            4.99736          37.9809          80.9279                  39.9982          
    99.9971            4.99691          37.9565          80.9138                  39.9982          
    99.9857            4.99963          37.7578          80.9027                  39.8729          
    99.5032            4.99361          34.318          84.4116                  36.4198          
    99.4192            4.9978          34.2391          84.3086                  36.2765          

Residual of Shock Speed (m/s) | Driver Hold Time (ms)
           0.05754                   0.00099        
           59.5881                   0.00106        
           200.232                   0.00118        
           285.106                   0.00139        
           353.401                   0.00147        
            418.55                    0.00159        
            476.19                    0.00172        
            537.94                    0.00186        
           588.806                   0.00199        
           627.987                   0.00213        
            691.26                    0.00226        
           749.328                   0.00253        
           769.035                   0.00267        
           794.021                   0.0028        
           832.543                   0.00297        
           853.382                   0.00312        
           878.144                   0.0033        
           904.153                   0.00343        
           930.456                   0.00356        
           944.303                   0.00368        
           986.496                   0.00401        
            3500.0                      0.0          
           996.112                   0.00425        
           1033.78                   0.00434        
           1034.02                   0.0045        
            3500.0                      0.0          
           1075.62                   0.00508        
           1076.66                   0.00496        
           1087.71                   0.00524        
           1112.04                   0.00558        
           1146.85                   0.0052        
           1133.78                   0.00429        
           1134.77                   0.01316        
           1141.89                   0.015        
           1276.98                   0.0046        
           1285.76                   0.01524        
