Simulation Type = ArnoldCHT_AL
step size = 0.1
pop size = 24
p4 treatment = None
git commit = 4e59b5a-dirty
features = al_tol_schedule=[3585, 100.0, 100, 250], psucc_sentinel_as_failure=True
time taken = 108219.1812300682
Number of generations = 500
Current Time = 2026-07-29 10:12:02
Number of individuals that produced no hold time = 1
Fixer Count = 0
****************************************************************************************************
INITIAL POPULATION:
Percent Helium |Driver Pressure (MPa) | p4 (MPa) | Throat Diameter (mm) | Reservoir Pressure (MPa) | Buffer Length (mm)
    70.4372    |        0.14213          27.3383  |        82.2004        |          7.11884                 126.16       
    75.7213    |        0.01076          4.9888  |        52.2402        |          5.015                141.569      
    86.701    |        0.07839          14.0285  |        79.167        |          7.3252                98.5791      
    98.1123    |        0.02026          3.5704  |        81.6854        |          2.12153                 50.794       
    96.618    |        0.16484          21.2749  |        77.2994        |          4.96379                 70.813       
    94.4091    |        0.02813          10.1315  |        58.2435        |          6.99952                61.6536      
    82.9031    |        0.05831          20.1388  |        84.1096        |          4.70289                104.644      
    83.2216    |        0.17771          5.21254  |        79.2281        |          4.10882                91.6061      
    89.6701    |        0.07017          22.3444  |        81.001        |          6.39151                140.726      
    71.1494    |        0.09174          35.2807  |        76.087        |          5.48717                104.769      
    76.8736    |        0.06119          7.60742  |        59.4558        |          7.43344                 114.32       
    85.5815    |        0.02725          4.25995  |        67.5165        |          5.25397                69.7732      
    75.0249    |        0.13397          18.9552  |        80.0867        |          6.19975                83.9495      
    97.487    |        0.37573          7.21878  |        77.9322        |          7.60612                127.523      
    91.5183    |        0.16831          33.7808  |        66.9498        |          7.16644                60.1622      
    91.9546    |        0.01379          7.72261  |        62.5206        |          1.86677                67.6812      
    97.3442    |        0.10907          31.9365  |        70.0847        |          6.55692                 98.258       
    86.9089    |        0.20306          11.5188  |        84.1633        |          7.97355                111.421      
    78.3501    |        0.04485          26.317  |        78.2885        |          5.62525                62.4968      
    93.7277    |        0.15132          15.2937  |        82.8431        |          5.8826                113.023      
    81.7695    |        0.00195          0.49685  |        73.5455        |          6.76072                127.004      
    99.1873    |        0.04165          23.3536  |        51.6227        |          7.81309                103.826      
    88.1887    |        0.0897          21.4951  |        71.7721        |          7.38828                68.2581      
    72.5842    |        0.0253          14.7691  |        72.1396        |          7.16771                106.285      

Driver Hold Time (ms) | Piston Impact Speed (m/s)
0.99  45.1708
0.0  245.095
0.13999999999999999  40.3152
0.02  145.05
0.32  60.8752
0.05  31.7578
0.06999999999999999  40.1575
0.73  35.7983
0.25999999999999995  44.4812
0.0  350.0
0.13999999999999999  55.3151
0.12999999999999998  22.0522
0.27999999999999997  38.6092
0.19  47.0515
0.0  71.8438
0.0  140.124
0.12999999999999998  34.4689
0.12999999999999998  18.7382
0.06999999999999999  41.1801
0.32  13.5071
0.0  280.612
0.17  48.5282
0.13999999999999999  49.3384
0.13999999999999999  28.7129

****************************************************************************************************
FINAL POPULATION:
Percent Helium | Driver Pressure (MPa) | p4 (MPa) | Throat Diameter (mm) | Reservoir Pressure (MPa) | Buffer length (mm)
    98.7745    |        0.23223          12.5961  |        83.7526        |          7.26565                103.677      
    98.7129    |        0.22964          12.6999  |        83.7278        |          7.26443                103.748      
    98.6311    |        0.22854          12.7855  |        83.7525        |          7.25826                104.012      
    98.5281    |        0.22762          12.8195  |        84.2248        |          7.23438                 104.61       
    98.5226    |        0.22516          12.9146  |        84.1636        |          7.23691                104.993      
    98.4794    |        0.22372          13.0162  |        84.1456        |          7.23962                 105.08       
    98.4145    |        0.22275          13.1611  |        84.2626        |          7.26453                105.103      
    98.2658    |        0.22211          13.2966  |        84.0909        |          7.25405                105.539      
    98.0114    |        0.22022          13.5973  |        83.9928        |          7.27403                104.963      
    97.7452    |        0.2166          13.7721  |        84.1595        |          7.2374                106.516      
    97.8087    |        0.21529          13.7657  |        84.1449        |          7.23746                106.506      
    97.7614    |        0.21401          13.8227  |        84.1351        |          7.24141                106.628      
    97.6486    |        0.20797          14.2494  |        83.9045        |          7.35075                106.653      
    97.5187    |        0.20575          14.3665  |        83.948        |          7.33893                 106.81       
    97.2168    |        0.19734          14.3708  |        84.5773        |          7.14454                 109.04       
    97.1568    |        0.19789          14.4676  |        84.5001        |          7.16135                109.138      
    97.0945    |        0.19776          14.5646  |        84.4637        |          7.17018                109.184      
    97.0752    |        0.19808          14.6142  |        84.4576        |          7.17209                109.234      
    96.7747    |        0.19064          15.2046  |        83.4331        |          7.26247                107.461      
    96.7484    |        0.19225          15.2138  |        83.4468        |          7.26254                 107.43       
    96.571    |        0.19204          15.3764  |        83.4609        |          7.26495                 107.92       
    96.9517    |        0.16444          14.4866  |        80.9791        |          6.2985                108.558      
    96.9493    |        0.16435          14.547  |        80.9799        |          6.30119                108.534      
    97.4995    |        0.18794          13.7143  |        84.414        |          7.10336                108.623      

Driver Hold Time (ms) | Piston Impact Speed (m/s)
2.11  34.833
2.11  34.1927
2.09  33.9065
2.07  33.6449
2.0500000000000003  33.0596
1.03  32.7944
0.1  32.4348
1.97  32.1242
1.91  31.7142
1.88  30.4515
1.84  30.1716
1.82  29.7133
1.76  28.505
0.8  28.0307
0.7699999999999999  27.2931
0.7699999999999999  26.7196
1.6700000000000002  26.2622
1.66  26.1673
1.64  25.2602
1.63  24.7388
1.6199999999999999  23.9133
0.79  0.62261
1.59  0.6107
0.7  0.5241
