Simulation Type = Penalty
time taken = 666.7413747310638
Number of individuals that produced no hold time = 4
Fixer Count = 0
************************************************************
INITIAL POPULATION:
[1.686885210320952, 1.2085367142745238, 1.5053929900108098, 1.0212033337529218, 1.5817321421200294]
(824.3275292296144, 0.0008710184913201541)
[1.75333221583952, 1.0363380756297491, 1.4533845970879278, 1.237610085911965, 1.5241270080418174]
(541.5899778733706, 0.0005678249654768978)
[1.3607094398030242, 1.5965388156354468, 1.100780464622911, 1.7355518341059537, 1.2114890375506653]
(429.39415572383905, 0.0)
[1.7299335623889496, 1.7800132316673087, 1.0041816725874133, 1.6135261012077964, 1.0825325317681305]
(113.70309608869866, 0.0)
[1.9586712682183096, 1.9753346422562206, 1.034689164584177, 1.405443242645513, 1.1688814233339415]
(470.87322463580585, 0.0)
[1.4727618514662002, 1.0567366716690474, 1.6660818425603352, 1.8289423539881098, 1.8291141555755326]
(761.3484178452309, 0.000538590018676793)
[1.9027948440506521, 1.977211497698086, 1.0138637537337645, 1.2443162892271036, 1.969420121536796]
(337.8286051347436, 0.0029385447008766965)
[1.8274392410992486, 1.8897841366137957, 1.0154516345579847, 1.9536436924745657, 1.5597847949034527]
(133.6903642352413, 0.000984957551212095)
[1.621166837401363, 1.3077866478080358, 1.2488381920020166, 1.1498487368095651, 1.5124922626375574]
(341.47468175233007, 0.0014609224692030583)
[1.4753155279031933, 1.16546664973476, 1.6518342075033194, 1.1147851940921614, 1.8585678635508582]
(807.7266887598335, 0.0008251348136810912)
[1.4802542402034187, 1.8449903002993788, 1.047663075574017, 1.4449582555365403, 1.6897133422901984]
(19.05575129478939, 0.0)
[1.7953709839814238, 1.477468747866049, 1.164909852298126, 1.0569664607582854, 1.898012932644968]
(453.0983144078191, 0.0022178433240425764)
************************************************************
FINAL POPULATION:
[1.6656221380398837, 1.7330789572320824, 0.9793253617513674, 1.5182251191629113, 1.558724126849881]
(199.84106124951995, 0.0)
[1.6946226429314637, 1.8623929935885664, 1.008210687324969, 1.473812968037044, 1.5961873295314035]
(382.1180816604069, 0.0)
[1.6473234411446918, 1.778894150403537, 1.0134213936917795, 1.549721468022677, 1.5190718792611178]
(176.2998732750998, 0.00106973958109894)
[1.6301997038693123, 1.9190819038596634, 0.9934087884961174, 1.5344602254718962, 1.5959049855156333]
(157.36169014346615, 0.0007088041594050763)
[1.6295689477431459, 1.7797108293816155, 0.9746176196032773, 1.5446637985391651, 1.5682962405227359]
(146.01618650328282, 0.003340168741901295)
[1.4801981518864964, 1.875017607412733, 0.9522179798217099, 1.8008308396477957, 1.8857523993653398]
(53.5624602516632, 0.00055582241010688)
[1.6466837812863588, 1.870945903615619, 0.9906106787706805, 1.7781563418030153, 1.641924127498624]
(27.61200593166859, 0.0037549451794511206)
[1.648842750688365, 2.006042795602867, 0.9752128450741232, 1.5139919957845778, 1.8712127144475839]
(95.42463637322135, 0.0)
[1.5672899564681027, 1.8141279634956824, 1.0162982371393656, 1.558899330398611, 1.5780656615642463]
(52.28955652033301, 0.006161934903473228)
[1.5741238645300624, 1.830039401436801, 1.0046997968695313, 1.547619295751677, 1.5072081134810589]
(68.16146509105647, 0.0)
[1.5873198172268743, 1.8067986041079094, 1.0027980570575183, 1.5449432837925519, 1.4572115075975356]
(28.083043868543427, 0.0030928093825454885)
[1.4646557817104673, 1.8624027804358996, 1.0293397688750758, 1.4597396708785253, 1.7167623305972572]
(176.04846681526715, 0.0)
