Simulation Type = Penalty
alpha = 100000.0time taken = 6967.782906293869
Number of individuals that produced no hold time = 9
Fixer Count = 0
****************************************************************************************************
INITIAL POPULATION:
Percent Helium |Driver Pressure (MPa) | p4 (MPa) | Throat Diameter (mm) | Reservoir Pressure (MPa)
     96.15     |        0.091        |  2.152  |        71.46        |           16.5           
     73.03     |        4.389        |  33.32  |        65.25        |          6.359          
     92.13     |        4.988        |  39.58  |        53.19        |          15.16          
     71.18     |        4.003        |  28.83  |        83.96        |          7.353          
     71.13     |        2.121        |  32.95  |        70.55        |          5.874          
     72.26     |        4.912        |  38.61  |         76.4         |          19.16          
     99.02     |        3.429        |   31.1   |         50.3         |          14.91          
      72.7      |        3.148        |  17.84  |         82.4         |          13.87          
     95.32     |        3.193        |  29.56  |         82.1         |          14.57          
     71.41     |        2.431        |  18.92  |        53.63        |          16.94          
     88.96     |        3.442        |   21.6   |        81.79        |          26.55          
     79.12     |         2.89         |  36.36  |        70.41        |           4.64           

Residual of Shock Speed (m/s) | Driver Hold Time (ms)
            485.5                      0.0          
            338.7                      0.0          
            269.7                      0.0          
            427.1                      0.0          
            50.14                      0.0          
            404.7                      0.0          
            679.0                      0.0          
            400.4                      0.0          
            661.2                      0.0          
            406.3                    0.004        
            21.0                    0.004        
            202.7                      0.0          

****************************************************************************************************
FINAL POPULATION:
Percent Helium | Driver Pressure (MPa) | p4 (MPa) | Throat Diameter (mm) | Reservoir Pressure (MPa)
     91.35              5.082           25.43          80.21                   27.1           
     89.91              6.428           32.49          72.59                   33.4           
      89.9               6.489           32.72          72.13                  33.68          
     89.81              6.724           33.65          71.05                  34.84          
     89.74              6.747           33.89          70.79                  34.97          
     89.69              6.768           33.98          70.81                  35.01          
     89.63              6.794           34.06          70.21                  35.15          
     89.46              6.784            34.1            70.3                   35.07          
     89.46              6.804           34.11          70.28                   35.1           
     89.43               6.83            34.24          70.07                  35.26          
     89.37              6.814            34.2           70.11                  35.18          
     89.36              6.847           34.26          69.86                  35.27          

Residual of Shock Speed (m/s) | Driver Hold Time (ms)
            0.001                    0.008        
            0.58                    0.035        
            6.009                    0.012        
            5.96                    0.037        
            3.61                    0.037        
            3.012                    0.037        
            6.364                      0.0          
            6.838                    0.001        
            13.7                    0.037        
            11.55                    0.025        
            9.494                    0.001        
            15.64                    0.015        
