Simulation Type = ParentValue
step size = 0.1
pop size = 36
p4 treatment = hard_bounds_on_p4
time taken = 40774.711644649506
Number of generations = 400
Current Time = 2025-07-07 00:46:23
Number of individuals that produced no hold time = 30
Fixer Count = 19279
****************************************************************************************************
INITIAL POPULATION:
Percent Helium |Driver Pressure (MPa) | p4 (MPa) | Throat Diameter (mm) | Reservoir Pressure (MPa)
    84.681    |        0.09004        |  5.8336  |        68.5911        |          12.8456          
    72.5499    |        4.51729        |  22.7061  |        67.4621        |          32.1621          
    99.8603    |        2.71146        |  21.4419  |        57.0443        |          4.68666          
    92.4929    |        4.35253        |  30.3163  |        57.0057        |          26.5651          
    84.1328    |        2.35639        |  33.547  |        63.3109        |          29.6178          
    97.9526    |        4.9628        |  39.2964  |        60.4515        |          29.4477          
    87.2897    |        2.12571        |  13.2995  |        75.4325        |          4.77073          
    94.9591    |        2.2462        |  22.5481  |        63.6434        |          25.6842          
    95.2648    |        3.23229        |  34.6086  |        67.2038        |          11.791          
    84.4087    |        0.05858        |  1.94755  |        73.5131        |          34.7947          
    94.4511    |        4.64688        |  27.5241  |        79.8931        |          24.8151          
    70.2916    |        4.18919        |  21.6522  |        60.7002        |          33.84          
    78.7528    |        2.94783        |  30.3019  |        80.3878        |          37.5496          
    79.0556    |        1.37744        |  15.9993  |        58.9744        |          15.3342          
    73.5601    |        4.90009        |  33.1936  |        79.272        |          29.7845          
    87.373    |        4.12577        |  35.8614  |        73.8652        |          36.1182          
    79.341    |        3.64649        |  19.0363  |        56.8112        |          20.1842          
    70.8729    |        1.32316        |  14.4866  |        50.375        |          20.7321          
    91.0386    |        0.37067        |  7.93856  |        59.02        |          39.7579          
    98.485    |        4.32443        |  35.2165  |        80.5656        |          12.7982          
    91.8458    |        1.75959        |  29.9838  |        53.6611        |          17.5535          
    74.6217    |        1.96424        |  20.449  |        59.8235        |          15.6881          
    86.352    |        4.62953        |  32.4398  |        61.2867        |          14.4413          
    89.0322    |        1.42596        |  35.5617  |        77.5538        |          11.404          
    88.3524    |        4.16118        |  25.8757  |        79.3188        |          32.6692          
    82.0277    |        1.75853        |  23.6228  |        73.2184        |          8.03812          
    93.9212    |        2.2978        |  21.6553  |        81.3119        |          12.6588          
    70.4427    |        3.0939        |  19.1751  |        51.2209        |          32.685          
    80.7076    |        3.22831        |  18.773  |        63.7296        |          26.3798          
    71.3187    |        2.47886        |  27.8954  |        84.7028        |          5.20841          
    93.4102    |        3.51185        |  37.8554  |        65.4134        |          31.5849          
    75.9114    |        3.10418        |  39.8872  |        54.0594        |          5.83684          
    79.0138    |        0.26152        |  14.732  |        56.9666        |          28.8803          
    97.1643    |        4.01185        |  32.1031  |        51.2096        |          9.08608          
    80.3109    |        0.24339        |  16.0653  |        76.0953        |          31.2653          
    89.5015    |        0.7277        |  11.2287  |        55.768        |          24.2472          

Residual of Shock Speed (m/s) | Driver Hold Time (ms)
           2454.46                   0.00117        
            2503.9                    0.00494        
           2083.27                     0.0          
            1547.0                      0.0          
           2019.51                   0.0016        
           1547.84                     0.0          
           1891.93                     0.0          
           1476.49                   0.0012        
           1131.71                     0.0          
           2195.19                   8e-05        
           1669.33                     0.0          
           2408.25                   0.00312        
           1974.11                   0.00097        
           2291.44                   0.00161        
           2345.58                     0.0          
           1873.63                   0.00441        
           2203.04                     0.0          
           2451.92                   0.00283        
           1896.38                   0.00012        
           1611.21                     0.0          
           1996.09                   0.00121        
           2280.44                   0.00184        
           2073.39                     0.0          
           1390.89                     0.0          
           1922.38                   0.00452        
           2287.93                     0.0          
           1497.18                   0.00306        
           2375.46                   0.00164        
           2480.88                   0.00212        
           2321.14                     0.0          
           1753.97                     0.0          
           2202.58                     0.0          
           1930.44                   0.00011        
           1238.96                     0.0          
           2261.43                   0.00063        
           1425.56                   0.00068        

****************************************************************************************************
FINAL POPULATION:
Percent Helium | Driver Pressure (MPa) | p4 (MPa) | Throat Diameter (mm) | Reservoir Pressure (MPa)
    99.9976            0.69296          39.811          73.098                  18.2751          
    99.9974            0.78918          39.9959          71.8447                  20.0477          
    99.9998            0.8824          39.8682          57.0923                  19.0896          
    99.9998            0.99663          39.5125          56.1758                  20.4131          
    99.9881            1.13461          39.4923          56.5919                  22.2226          
    99.9997            1.32102          39.8457          56.6586                  24.6286          
    99.9917            1.44851          39.6617          56.1944                  25.8398          
    99.9973            1.55633          39.2847          58.7789                  26.9934          
    99.9839            1.74875          39.8819          55.9716                  28.8588          
    99.9981            1.94586          39.9871          53.8359                  30.3465          
    99.9992            2.09512          39.9977          53.904                  31.52          
    99.9997            2.26877          39.9899          52.5046                  32.5656          
    99.9906            2.39247          39.8435          54.5755                  33.4783          
    99.9999            2.52603          39.6719          51.1581                  33.6944          
    99.9994            2.71495          39.9998          79.941                  39.6971          
    99.9988            2.88157          39.9045          78.9231                  39.9854          
    99.9997            3.10451          39.9968          68.8081                  39.3737          
    99.9998            3.28532          39.9968          66.3817                  39.388          
    99.9994            3.41928          39.9963          58.7696                  39.0201          
    99.9995            3.55563          39.9908          60.0048                  39.416          
    99.9992            3.67725          39.9947          59.4258                  39.7383          
    99.9998            3.8118          39.8711          60.488                  39.9974          
    99.9998            3.85636          39.3144          64.0362                  39.9918          
    99.9995            3.97756          39.1147          63.4629                  39.9844          
    99.9996            4.20996          39.0483          60.4822                  39.9927          
    99.9987            4.28177          38.7144          61.4622                  39.9405          
    99.9999            4.37741          38.1555          67.9698                  39.9956          
    99.997            4.38388          37.8042          68.0837                  39.9271          
     100.0             4.55209          37.8251          66.5118                  39.9988          
    99.9999            4.69853          37.7655          65.593                  39.9893          
    99.9985            4.82043          37.7989          63.8094                  39.9984          
    99.9996            4.92661          37.7731          83.1673                  39.976          
    99.9996            4.92743          37.7666          82.9932                  39.9977          
    99.9951            4.98404          37.4992          81.6322                  39.5933          
    99.9597            4.99839          37.551          81.1031                  39.6521          
    99.4688            4.9982          34.6148          83.977                  36.6232          

Residual of Shock Speed (m/s) | Driver Hold Time (ms)
            0.625                    0.00102        
           73.1593                   0.0011        
           144.567                   0.00123        
           228.724                   0.00131        
           306.749                   0.00142        
           381.864                   0.00155        
           441.034                   0.00166        
           492.252                   0.00175        
           540.877                   0.00188        
            595.16                    0.00204        
            635.14                    0.00216        
           678.438                   0.00229        
           712.156                   0.0024        
           744.774                   0.00254        
           773.919                   0.0027        
           808.011                   0.00288        
           844.234                   0.0031        
           873.466                   0.00329        
           894.138                   0.00342        
           914.261                   0.00359        
           931.807                   0.00374        
           952.745                   0.00392        
            972.95                    0.00406        
           993.645                   0.00423        
           1024.16                   0.00453        
           1040.66                   0.0047        
           1065.01                   0.00487        
           1076.26                   0.00505        
           1093.58                   0.00531        
            1110.1                    0.00556        
           1121.89                   0.00575        
           1136.07                   0.01409        
           1135.45                   0.01408        
           1146.16                   0.01479        
           1154.09                   0.00723        
           1270.84                   0.00302        
