Simulation Type = ParentValue
alpha = 0.1time taken = 284.1291561126709
Number of individuals that produced no hold time = 3
Fixer Count = 90
****************************************************************************************************
INITIAL POPULATION:
Percent Helium |Driver Pressure (MPa) | p4 (MPa) | Throat Diameter (mm) | Reservoir Pressure (MPa)
    89.7369    |        2.9493        |  34.7375  |        60.8555        |          35.4177          
    74.1863    |        1.23343        |  11.0499  |        56.9388        |          27.0975          
    90.4833    |        3.19687        |  17.5125  |        75.2246        |          39.8433          
    94.9858    |        2.34477        |  17.3643  |        52.8746        |          21.0376          
    81.9411    |        2.82178        |  26.2231  |        54.0552        |          34.3303          
    84.0065    |        4.63537        |  28.6896  |        77.1402        |          25.0892          
    93.3045    |        3.84868        |  26.0362  |        83.755        |          24.5145          
    74.1351    |        2.50531        |  17.2864  |        55.1324        |          31.9671          
    99.4459    |        0.07307        |  4.82956  |        61.7059        |          24.2333          
    72.8192    |        1.5558        |  10.7409  |        78.774        |          15.3609          
    70.3055    |        1.91522        |  21.69  |        55.6908        |          3.09816          
    99.616    |        3.69762        |  31.122  |        81.7142        |          4.69902          

Residual of Shock Speed (m/s) | Driver Hold Time (ms)
           1846.34                   0.00155        
           2113.32                   0.00109        
           2122.61                   0.00175        
           1736.45                   0.00283        
           1933.01                   0.00159        
           2173.85                   0.00434        
           1826.27                   0.00064        
           2551.79                   0.00119        
           1613.53                   8e-05        
            2550.9                    0.00244        
           1969.77                     0.0          
           640.853                     0.0          

****************************************************************************************************
FINAL POPULATION:
Percent Helium | Driver Pressure (MPa) | p4 (MPa) | Throat Diameter (mm) | Reservoir Pressure (MPa)
    96.8781            0.93883          64.6513          51.1355                  6.90183          
    99.2702            0.40901          28.1659          51.1355                  11.6438          
    96.0861            0.40901          27.6753          51.1355                  9.36281          
    96.0861            0.40901          23.1057          60.2109                  9.52104          
    93.6284            2.17697          36.6381          62.6724                  30.7272          
    97.4153            3.81406          33.8217          72.5617                  34.9712          
    92.7298            4.22635          32.116          75.1096                  34.7501          
    90.1953            4.04007          30.7005          76.4027                  32.5818          
    87.741            4.60961          35.0284          73.6687                  37.0762          
    90.7113            3.27038          16.4681          52.3237                  15.1444          
    94.8507            0.92059          63.3953          52.322                  14.1808          
    96.529            3.75014          27.7719          63.6855                  29.6133          

Residual of Shock Speed (m/s) | Driver Hold Time (ms)
           520.221                     0.0          
           155.558                     0.0          
           810.097                   0.00107        
           1070.23                   0.00052        
           228.986                     0.0          
           1140.75                     0.0          
           1308.45                   0.00228        
           1587.72                   0.00397        
           1358.71                   0.00447        
           1325.44                     0.0          
           1988.32                   0.00455        
           1961.08                   0.0024        
