Simulation Type = ArnoldCHT_AL
step size = 0.1
pop size = 24
p4 treatment = None
git commit = 4e59b5a-dirty
features = al_proxy_front_min_size=12, al_proxy_front_only=True, al_proxy_g_quantile=0.75, al_tol_schedule=[3585, 100.0, 100, 250], arnold_resample_infeasibles=True, arnold_resample_max_iterations=100, psucc_sentinel_as_failure=True
time taken = 152081.7448296547
Number of generations = 500
Current Time = 2026-08-03 09:22:45
Number of individuals that produced no hold time = 1
Fixer Count = 0
****************************************************************************************************
INITIAL POPULATION:
Percent Helium |Driver Pressure (MPa) | p4 (MPa) | Throat Diameter (mm) | Reservoir Pressure (MPa) | Buffer Length (mm)
    70.4372    |        0.14213          27.3383  |        82.2004        |          7.11884                 126.16       
    75.7213    |        0.01076          4.9888  |        52.2402        |          5.015                141.569      
    86.701    |        0.07839          14.0285  |        79.167        |          7.3252                98.5791      
    98.1123    |        0.02026          3.5704  |        81.6854        |          2.12153                 50.794       
    96.618    |        0.16484          21.2749  |        77.2994        |          4.96379                 70.813       
    94.4091    |        0.02813          10.1315  |        58.2435        |          6.99952                61.6536      
    82.9031    |        0.05831          20.1388  |        84.1096        |          4.70289                104.644      
    83.2216    |        0.17771          5.21254  |        79.2281        |          4.10882                91.6061      
    89.6701    |        0.07017          22.3444  |        81.001        |          6.39151                140.726      
    71.1494    |        0.09174          35.2807  |        76.087        |          5.48717                104.769      
    76.8736    |        0.06119          7.60742  |        59.4558        |          7.43344                 114.32       
    85.5815    |        0.02725          4.25995  |        67.5165        |          5.25397                69.7732      
    75.0249    |        0.13397          18.9552  |        80.0867        |          6.19975                83.9495      
    97.487    |        0.37573          7.21878  |        77.9322        |          7.60612                127.523      
    91.5183    |        0.16831          33.7808  |        66.9498        |          7.16644                60.1622      
    91.9546    |        0.01379          7.72261  |        62.5206        |          1.86677                67.6812      
    97.3442    |        0.10907          31.9365  |        70.0847        |          6.55692                 98.258       
    86.9089    |        0.20306          11.5188  |        84.1633        |          7.97355                111.421      
    78.3501    |        0.04485          26.317  |        78.2885        |          5.62525                62.4968      
    93.7277    |        0.15132          15.2937  |        82.8431        |          5.8826                113.023      
    81.7695    |        0.00195          0.49685  |        73.5455        |          6.76072                127.004      
    99.1873    |        0.04165          23.3536  |        51.6227        |          7.81309                103.826      
    88.1887    |        0.0897          21.4951  |        71.7721        |          7.38828                68.2581      
    72.5842    |        0.0253          14.7691  |        72.1396        |          7.16771                106.285      

Driver Hold Time (ms) | Piston Impact Speed (m/s)
0.99  45.1708
0.0  245.095
0.13999999999999999  40.3152
0.02  145.05
0.32  60.8752
0.05  31.7578
0.06999999999999999  40.1575
0.73  35.7983
0.25999999999999995  44.4812
0.0  350.0
0.13999999999999999  55.3151
0.12999999999999998  22.0522
0.27999999999999997  38.6092
0.19  47.0515
0.0  71.8438
0.0  140.124
0.12999999999999998  34.4689
0.12999999999999998  18.7382
0.06999999999999999  41.1801
0.32  13.5071
0.0  280.612
0.17  48.5282
0.13999999999999999  49.3384
0.13999999999999999  28.7129

****************************************************************************************************
FINAL POPULATION:
Percent Helium | Driver Pressure (MPa) | p4 (MPa) | Throat Diameter (mm) | Reservoir Pressure (MPa) | Buffer length (mm)
    99.983    |        0.19467          9.64127  |        84.5054        |          5.58703                113.337      
    99.9815    |        0.21198          9.67972  |        84.1822        |          5.68728                120.783      
    99.988    |        0.21654          9.60122  |        84.2987        |          5.67791                120.905      
    99.9812    |        0.217          9.6163  |        84.2967        |          5.68586                120.896      
    99.9876    |        0.1834          9.92367  |        84.4467        |          5.62558                113.639      
    99.9959    |        0.18359          9.96279  |        84.4881        |          5.64812                113.346      
    99.9889    |        0.18359          9.9777  |        84.5022        |          5.65132                113.415      
    99.9793    |        0.18346          9.9681  |        84.4546        |          5.6379                113.661      
    99.9986    |        0.18363          9.97952  |        84.4528        |          5.64587                113.484      
    99.9769    |        0.18279          10.1467  |        84.5545        |          5.63503                113.537      
    99.9786    |        0.18355          9.9109  |        84.4544        |          5.63595                113.612      
    99.4742    |        0.18738          9.47358  |        84.01        |          5.76598                125.913      
    99.4819    |        0.18744          9.41764  |        84.0056        |          5.76536                125.893      
    99.9959    |        0.19267          9.68393  |        84.5048        |          5.58997                113.486      
    99.9859    |        0.19318          9.67961  |        84.492        |          5.59069                113.313      
    99.9839    |        0.19369          9.693  |        84.4964        |          5.60556                113.292      
    99.9865    |        0.19569          9.66556  |        84.4431        |          5.58432                113.395      
    99.9852    |        0.21174          9.7063  |        84.2061        |          5.69632                 120.78       
    99.9852    |        0.21501          9.66494  |        84.2233        |          5.69842                120.592      
    99.9816    |        0.21506          9.69624  |        84.2184        |          5.70516                120.667      
    99.9873    |        0.18354          9.95155  |        84.4435        |          5.63735                113.611      
    99.9784    |        0.18354          9.97709  |        84.4443        |          5.64419                113.582      
    99.9783    |        0.18336          9.99981  |        84.4421        |          5.64039                 113.59       
    99.9955    |        0.18369          9.95464  |        84.4603        |          5.64976                113.495      

Driver Hold Time (ms) | Piston Impact Speed (m/s)
1.33  41.727
1.08  35.874
2.12  35.0753
2.19  35.0562
1.22  49.5679
2.25  49.6662
2.2399999999999998  49.5705
0.060000000000000005  49.5042
1.24  49.6178
2.0500000000000003  49.2665
1.22  0.47493
0.27999999999999997  0.52618
0.27999999999999997  43.7482
2.22  40.9422
2.2300000000000004  40.9461
2.25  41.4373
2.28  43.101
2.28  35.9664
2.28  35.3801
1.23  0.53451
1.22  0.51865
2.2399999999999998  49.5049
2.12  0.67166
1.22  0.58495
