Simulation Type = ElitistCrossover
time taken = 15068.926570653915
Number of individuals that produced no hold time = 6
Fixer Count = 2053
****************************************************************************************************
INITIAL POPULATION:
Percent Helium |Driver Pressure (MPa) | p4 (MPa) | Throat Diameter (mm) | Reservoir Pressure (MPa)
     94.39     |        3.916        |  37.89  |        61.64        |          16.97          
     99.84     |         4.14         |  26.57  |        75.24        |          21.01          
      84.6      |        4.876        |  39.34  |         76.3         |          27.76          
      79.4      |         4.33         |   38.9   |        81.76        |          5.613          
     70.75     |        1.963        |   23.6   |        76.01        |          35.59          
     93.13     |        4.625        |  38.16  |        66.41        |          16.74          
     71.43     |        1.732        |  10.33  |        69.94        |          23.98          
     89.16     |         4.33         |   36.6   |         64.8         |          18.46          
     93.43     |        3.721        |   33.6   |        54.08        |           30.1           
     81.68     |        0.523        |   32.1   |        83.26        |          15.66          
     93.24     |        3.588        |  19.01  |        59.73        |          39.75          
     76.94     |        0.646        |  13.68  |        81.78        |          28.35          

Residual of Shock Speed (m/s) | Driver Hold Time (ms)
            435.9                      0.0          
            378.5                      0.0          
            202.0                      0.0          
            162.8                      0.0          
            61.9                      2.0          
            368.6                      0.0          
            493.6                      1.0          
            412.6                      0.0          
            566.3                      0.0          
            566.5                      1.0          
            402.3                      0.0          
            241.0                      1.0          

****************************************************************************************************
FINAL POPULATION:
Percent Helium | Driver Pressure (MPa) | p4 (MPa) | Throat Diameter (mm) | Reservoir Pressure (MPa)
     91.72              4.561           23.24          80.24                  24.41          
     91.72              4.562           23.24          80.24                  24.41          
     91.72              4.562           23.24          80.24                  24.41          
     91.58              4.852           24.33          83.66                  25.91          
     91.59              4.855           24.34          83.78                  25.99          
     91.58              4.862           24.38          83.93                  26.04          
     91.59              4.855           24.33          83.77                  25.99          
     91.41              4.998           25.08          83.05                  26.89          
     91.44              4.968           24.89          84.96                   26.7           
      91.5               4.998           24.99           83.3                    26.8           
     91.42              4.965           24.83           84.9                   26.68          
     91.27              4.997           25.07          84.94                  26.98          

Residual of Shock Speed (m/s) | Driver Hold Time (ms)
             0.0                       8.0          
            0.106                      8.0          
            0.036                      8.0          
            0.312                      8.0          
            0.368                      8.0          
            0.144                      8.0          
            0.589                      8.0          
            21.21                      5.0          
            3.18                      8.0          
            9.264                      5.0          
            1.413                      8.0          
            4.442                      8.0          
