Simulation Type = ParentValue
step size = 0.005
pop size = 36
p4 treatment = hard_bounds_on_p4
time taken = 62328.360912323
Number of generations = 400
Current Time = 2025-07-09 16:18:55
Number of individuals that produced no hold time = 62
Fixer Count = 14768
****************************************************************************************************
INITIAL POPULATION:
Percent Helium |Driver Pressure (MPa) | p4 (MPa) | Throat Diameter (mm) | Reservoir Pressure (MPa)
    93.486    |        1.86253        |  29.5542  |        54.3191        |          2.64747          
    94.5211    |        0.11862        |  15.5009  |        66.9916        |          2.53987          
    75.6118    |        0.31261        |  8.59949  |        79.1001        |          3.48383          
    85.7902    |        1.18699        |  20.8145  |        70.6823        |          7.93267          
    72.1177    |        2.5632        |  39.9531  |        79.1518        |          4.09019          
    85.3602    |        0.65954        |  16.5935  |        81.3114        |          7.56794          
    85.5466    |        1.71402        |  28.7256  |        57.5444        |          5.12243          
    78.6202    |        1.55171        |  33.8564  |        54.32        |          3.44907          
    99.0821    |        0.37131        |  26.8786  |        81.7973        |          4.71244          
    85.8487    |        1.72919        |  35.9935  |        68.804        |          2.9757          
    82.006    |        1.84446        |  33.4229  |        74.9744        |          4.1809          
    87.4823    |        2.1047        |  38.5242  |        71.5061        |          3.43695          
    76.1858    |        0.94542        |  19.1176  |        54.4631        |          7.89574          
    85.9136    |        2.12831        |  36.8446  |        66.6608        |          7.79877          
    86.3824    |        1.73062        |  38.5236  |        52.9611        |          2.7096          
    98.9922    |        1.10921        |  37.0511  |        53.9961        |          2.91418          
    76.9001    |        1.57707        |  39.1129  |        78.3101        |          2.40166          
    72.5792    |        1.13187        |  38.3031  |        60.8892        |          3.95038          
    73.1695    |        0.13836        |  32.8205  |        66.1071        |          3.7008          
    98.3964    |        1.20788        |  22.1145  |        80.4191        |          6.19888          
    92.124    |        1.02219        |  32.4683  |        72.1359        |          2.55812          
    97.1164    |        2.17845        |  32.9994  |        56.3364        |          5.15472          
    83.2104    |        2.17603        |  36.9038  |        56.095        |          3.45685          
    81.8989    |        1.98387        |  38.0925  |        64.329        |          4.35555          
    84.1334    |        2.40391        |  39.6799  |        69.7175        |          4.06915          
    86.6617    |        1.37001        |  23.1381  |        82.7807        |          4.32407          
    70.4044    |        0.54847        |  27.068  |        82.4798        |          5.28931          
    71.4438    |        1.33716        |  36.5998  |        64.3597        |          4.21658          
    85.4019    |        2.15804        |  32.7509  |        52.0122        |          7.05086          
    82.8057    |        2.49638        |  39.87  |        50.8196        |          3.58588          
    72.4559    |        0.42618        |  17.4968  |        57.7842        |          3.00944          
    95.3019    |        0.42705        |  16.2809  |        64.1464        |          2.74074          
    84.9797    |        2.42548        |  37.2627  |        80.8633        |          4.03761          
    96.2985    |        2.23147        |  33.8632  |        66.6132        |          5.35327          
    99.3922    |        0.193        |  4.43175  |        53.7815        |          5.64868          
    72.9429    |        1.94073        |  31.0651  |        55.9523        |          6.02094          

Residual of Shock Speed (m/s) | Driver Hold Time (ms)
           1366.61                     0.0          
           1013.98                   0.00101        
           2484.21                   0.00251        
           1896.39                     0.0          
           2106.23                     0.0          
            1694.4                    0.00027        
           1807.61                     0.0          
            1864.2                      0.0          
           396.425                     0.0          
           1620.83                     0.0          
           1835.73                     0.0          
            1589.7                      0.0          
           2120.58                     0.0          
           1674.03                     0.0          
            1539.9                      0.0          
           392.407                     0.0          
           2123.95                     0.0          
           1865.99                     0.0          
           1015.24                   0.00043        
           1309.38                     0.0          
           1323.54                     0.0          
           1133.91                     0.0          
           1794.94                     0.0          
           1787.65                     0.0          
           1749.97                     0.0          
           1932.47                     0.0          
           1861.77                     0.0          
           1954.07                     0.0          
            1800.7                      0.0          
            1810.2                      0.0          
           1859.06                     0.0          
           1414.36                     0.0          
           1774.87                     0.0          
           1046.59                     0.0          
           2167.15                   0.00042        
           2017.33                     0.0          

****************************************************************************************************
FINAL POPULATION:
Percent Helium | Driver Pressure (MPa) | p4 (MPa) | Throat Diameter (mm) | Reservoir Pressure (MPa)
    99.8715            0.3035          28.3698          55.7842                  7.36032          
    99.9771            0.34225          28.887          50.0865                  7.50307          
    99.9999            0.36278          27.6506          50.2086                  7.47651          
    99.996            0.39805          27.1368          50.09                  7.89963          
    99.9985            0.40477          25.7553          50.1852                  7.79161          
    99.9937            0.40784          24.346          50.6107                  7.59574          
    99.9445            0.42953          23.6209          50.104                  7.44787          
    99.999            0.45014          22.5507          50.0236                  7.45155          
    99.979            0.47304          21.5049          50.0507                  7.3851          
    99.9985            0.50873          20.7777          50.031                  7.58536          
    99.9722            0.52872          19.9898          50.3399                  7.51244          
    99.9937            0.58545          19.7469          50.7757                  7.94575          
    99.9997            0.6103          18.8687          50.6343                  7.86297          
    99.9981            0.63732          18.2494          50.8075                  7.90675          
    99.9554            0.67123          17.9034          50.8253                  7.99242          
    99.9569            0.6748          16.9928          54.0655                  7.87967          
    99.9949            0.73684          16.687          50.3202                  7.97022          
    99.9816            0.76294          16.2368          50.327                  7.96267          
    99.9953            0.80436          15.7683          50.1881                  7.99554          
    99.9874            0.83614          15.3173          50.1774                  7.98912          
    99.993            0.86614          14.8785          50.2217                  7.96063          
    99.9614            0.91748          14.3488          50.4868                  7.98812          
    99.9709            0.88895          13.1199          51.0041                  7.35096          
    99.9782            0.81478          11.921          58.4521                  6.86813          
    99.9937            0.6188          9.5756          63.8288                  5.21738          
    99.9888            0.62443          9.13929          64.0905                  5.08382          
    99.8313            0.56284          8.23617          65.1658                  4.54326          
    99.9859            0.27435          5.20224          50.2996                  2.061          
    99.9932            0.28143          5.02632          50.2128                  2.04128          
    99.9414            0.29033          4.96748          50.165                  2.06871          
    99.9005            0.31962          4.9486          50.0577                  2.14417          
    99.9934            0.3267          4.78269          50.0577                  2.1142          
    99.9827            0.29711          4.34901          50.4132                  1.93122          
    99.9814            0.2637          3.85792          51.0567                  1.69226          
    99.9867            0.23628          3.45765          50.0191                  1.48336          
    99.4811            0.20741          3.03405          50.9685                  1.30069          

Residual of Shock Speed (m/s) | Driver Hold Time (ms)
           0.01278                   0.00096        
           30.4106                   0.00103        
           122.305                   0.00109        
           201.296                   0.00117        
            281.12                    0.00122        
           360.441                   0.00129        
           433.303                   0.00136        
           510.514                   0.00144        
           597.812                   0.00155        
            673.4                    0.00164        
           742.322                   0.00174        
           802.799                   0.00183        
           875.579                   0.00196        
           933.014                   0.00205        
           981.897                   0.00214        
           1041.99                   0.00223        
           1096.61                   0.0024        
           1141.75                   0.0025        
           1193.69                   0.00264        
           1242.09                   0.00277        
           1284.32                   0.0029        
           1345.25                   0.00309        
           1421.49                   0.00329        
           1480.35                   0.00338        
           1588.09                   0.00352        
            1635.0                    0.00369        
           1707.56                   0.00384        
           1930.93                   0.00432        
           1827.85                   0.00301        
           1957.48                   0.00445        
            2004.7                    0.0048        
           1982.84                   0.00469        
           1998.82                   0.0038        
            2135.6                    0.00534        
           2196.99                   0.0056        
           2286.92                   0.00586        
