Simulation Type = ParentValue
alpha = 0.1time taken = 184.82486486434937
Number of individuals that produced no hold time = 7
Fixer Count = 91
****************************************************************************************************
INITIAL POPULATION:
Percent Helium |Driver Pressure (MPa) | p4 (MPa) | Throat Diameter (mm) | Reservoir Pressure (MPa)
    92.3157    |        3.54073        |  23.1608  |        59.9485        |          7.72819          
    93.4009    |        0.11513        |  4.74665  |        77.8609        |          38.6856          
    93.3045    |        3.43416        |  36.4568  |        56.6822        |          18.1224          
    96.804    |        3.42958        |  35.2798  |        65.3728        |          14.8388          
    91.7064    |        2.98046        |  30.0408  |        55.6376        |          33.0913          
    77.601    |        0.3445        |  21.486  |        73.0382        |          11.7957          
    96.4833    |        2.07213        |  38.8761  |        78.0448        |          17.7221          
    93.7956    |        2.77176        |  30.7999  |        72.0678        |          21.981          
    99.5208    |        2.73038        |  28.0297  |        51.2764        |          35.5461          
    72.9155    |        4.891        |  30.4545  |        53.7744        |          5.16294          
    80.0866    |        4.82552        |  26.3455  |        57.439        |          21.9275          
    83.6555    |        4.16086        |  32.2038  |        53.5623        |          39.6734          

Residual of Shock Speed (m/s) | Driver Hold Time (ms)
           2043.78                     0.0          
           1855.76                   8e-05        
           1780.45                     0.0          
           1727.58                     0.0          
           1153.17                     0.0          
           1653.78                   0.00052        
           884.753                     0.0          
           1504.97                   7e-05        
           1432.55                   0.00136        
           2441.63                     0.0          
           2435.57                     0.0          
           2078.59                   0.00417        

****************************************************************************************************
FINAL POPULATION:
Percent Helium | Driver Pressure (MPa) | p4 (MPa) | Throat Diameter (mm) | Reservoir Pressure (MPa)
    98.3773            4.13287          112.801          51.8497                  32.6315          
    99.5208            1.93872          44.5099          54.0919                  33.6844          
    99.5208            3.36001          34.9577          55.268                  31.5581          
    98.921            3.12942          32.5586          50.4762                  32.8891          
    98.4648            2.00518          19.8699          82.6239                  16.9059          
    93.2883            4.47919          33.4778          56.6293                  36.2746          
    85.8074            4.81047          37.2316          54.0773                  36.8102          
    99.5208            3.23209          85.3135          53.6765                  31.2968          
    97.7572            1.42856          44.6416          52.55                  39.4791          
    97.7576            2.63182          33.5409          57.2532                  35.0995          
    92.8546            2.63182          33.5409          60.2748                  29.0369          
    84.4991            4.83567          37.4266          60.8298                  39.6796          

Residual of Shock Speed (m/s) | Driver Hold Time (ms)
           380.419                     0.0          
           1206.54                   0.00121        
           630.837                   0.00059        
           1057.45                     0.0          
           937.482                     0.0          
           2209.03                   0.00189        
           1782.84                     0.0          
           1445.95                   0.00263        
           2506.25                   0.00045        
           1516.33                   0.00301        
           1529.56                     0.0          
           1825.14                     0.0          
