Simulation Type = Penalty
alpha = 1e-06time taken = 9318.99489402771
Number of individuals that produced no hold time = 7
Fixer Count = 0
****************************************************************************************************
INITIAL POPULATION:
Percent Helium |Driver Pressure (MPa) | p4 (MPa) | Throat Diameter (mm) | Reservoir Pressure (MPa)
     75.15     |        1.296        |  31.55  |        77.89        |          32.76          
     96.56     |        2.894        |  32.47  |        83.74        |           30.1           
     88.05     |        2.861        |  25.92  |        72.36        |          14.15          
     84.23     |        2.243        |  33.22  |        56.04        |          5.041          
     94.23     |        1.487        |  12.96  |        61.03        |          5.282          
     82.92     |        3.645        |   34.0   |        76.74        |           24.6           
     84.92     |        3.497        |  29.66  |        84.99        |          9.114          
     95.88     |        2.645        |  25.74  |        69.89        |          35.17          
     78.14     |        4.742        |  38.94  |        66.38        |          31.72          
     89.84     |        3.778        |  20.54  |        65.35        |          34.52          
     88.07     |        0.607        |  33.85  |         55.0         |          7.498          
     71.74     |        1.645        |  18.31  |        63.89        |          32.52          

Residual of Shock Speed (m/s) | Driver Hold Time (ms)
            160.3                    0.001        
            745.3                    0.003        
            34.54                      0.0          
            226.8                      0.0          
            85.81                      0.0          
            107.7                      0.0          
            72.95                      0.0          
            572.9                    0.002        
            244.4                    0.001        
            107.2                    0.002        
            1013.0                      0.0          
            444.7                    0.001        

****************************************************************************************************
FINAL POPULATION:
Percent Helium | Driver Pressure (MPa) | p4 (MPa) | Throat Diameter (mm) | Reservoir Pressure (MPa)
     91.89              4.626           23.14          66.24                  23.56          
     91.89               4.63            23.15          66.35                  23.58          
     91.89               4.63            23.15          66.34                  23.58          
     91.92              4.632           23.17          66.34                   23.6           
     91.92              4.632           23.17          66.34                   23.6           
     91.93              4.632           23.16          66.34                   23.6           
     91.93              4.633           23.16          66.34                   23.6           
     91.93              4.634           23.18          66.34                  23.61          
     91.96              4.637           23.19          66.34                  23.63          
     91.96              4.637           23.19          66.34                  23.63          
     91.96              4.637           23.19          66.34                  23.63          
     91.97              4.637           23.19          66.34                  23.63          

Residual of Shock Speed (m/s) | Driver Hold Time (ms)
            0.002                    0.007        
            0.207                    0.007        
            0.237                    0.007        
            1.958                    0.007        
            2.019                    0.007        
            2.261                    0.007        
            2.189                    0.007        
            2.61                    0.007        
            3.72                    0.007        
            3.773                    0.007        
            3.869                    0.007        
            4.25                    0.007        
