Simulation Type = ParentValue
alpha = 0.1time taken = 410.0515766143799
Number of individuals that produced no hold time = 6
Fixer Count = 63
****************************************************************************************************
INITIAL POPULATION:
Percent Helium |Driver Pressure (MPa) | p4 (MPa) | Throat Diameter (mm) | Reservoir Pressure (MPa)
    72.6662    |        4.40499        |  35.7394  |        60.927        |          24.2401          
    85.2145    |        1.20772        |  34.9805  |        60.8262        |          14.2734          
    81.5856    |        0.35001        |  11.8744  |        61.8136        |          22.0946          
    74.7874    |        1.34202        |  24.1546  |        60.1352        |          22.7174          
    95.0454    |        1.27786        |  23.629  |        59.7815        |          29.0329          
    97.4951    |        3.29336        |  17.4429  |        64.4162        |          31.7204          
    90.5621    |        2.89893        |  38.644  |        75.4409        |          23.3159          
    91.8953    |        2.07877        |  38.9042  |        67.7661        |          38.372          
    73.8612    |        0.3871        |  2.51417  |        73.1551        |          25.2489          
    98.7159    |        3.00397        |  28.0912  |        77.1492        |          26.1991          
    93.5918    |        1.7715        |  18.9844  |        64.2627        |          22.1129          
    88.0214    |        2.74355        |  26.4024  |        77.3531        |          22.5456          

Residual of Shock Speed (m/s) | Driver Hold Time (ms)
            4000.0                      0.0          
           1691.55                   0.00181        
           1518.78                   0.0012        
           2317.04                   0.0028        
           1551.92                   0.00207        
           1664.14                   0.00232        
            4000.0                      0.0          
           1504.96                   0.00118        
            2698.4                    0.00027        
            1182.8                      0.0          
           2165.09                   0.00075        
           1923.41                   0.00232        

****************************************************************************************************
FINAL POPULATION:
Percent Helium | Driver Pressure (MPa) | p4 (MPa) | Throat Diameter (mm) | Reservoir Pressure (MPa)
    99.4872            1.74292          35.0467          63.5542                  35.8846          
    98.0465            2.90134          35.1151          76.5092                  30.9945          
    99.5761            2.65356          28.3695          82.1462                  24.919          
    98.0465            2.74613          33.2367          76.5092                  29.9978          
    97.2407            3.03595          32.4577          78.3142                  31.2399          
    96.6763            2.9011          27.9649          76.4677                  25.9537          
    95.9109             3.377           30.4878          76.2572                  32.3615          
    96.9699            4.0329          30.2658          71.531                  29.6392          
    88.9957            3.82991          27.1237          81.0158                  28.996          
    98.7159            1.09646          29.1504          76.3052                  17.0439          
    98.7159            3.00397          28.0912          77.1492                  26.1991          
    98.7159            2.7559          21.1747          76.9511                  22.3604          

Residual of Shock Speed (m/s) | Driver Hold Time (ms)
           2068.87                   9e-05        
           1364.35                   0.00271        
            4000.0                      0.0          
            4000.0                      0.0          
           1746.14                   0.00156        
           1434.02                     0.0          
            2004.9                    0.0046        
           1444.29                   0.0025        
           1724.95                   8e-05        
            4000.0                      0.0          
           1765.83                   0.00125        
           1761.82                     0.0          
