Simulation Type = ArnoldCHT_AL
step size = 0.1
pop size = 24
p4 treatment = None
git commit = 022a5a2-dirty
features = al_tol_schedule=[3585, 100.0, 100, 250], psucc_sentinel_as_failure=True
time taken = 116341.86471104622
Number of generations = 500
Current Time = 2026-08-15 23:22:38
Number of individuals that produced no hold time = 1
Fixer Count = 0
****************************************************************************************************
INITIAL POPULATION:
Percent Helium |Driver Pressure (MPa) | p4 (MPa) | Throat Diameter (mm) | Reservoir Pressure (MPa) | Buffer Length (mm)
    70.4372    |        0.14213          27.3383  |        82.2004        |          7.11884                 126.16       
    75.7213    |        0.01076          4.9888  |        52.2402        |          5.015                141.569      
    86.701    |        0.07839          14.0285  |        79.167        |          7.3252                98.5791      
    98.1123    |        0.02026          3.5704  |        81.6854        |          2.12153                 50.794       
    96.618    |        0.16484          21.2749  |        77.2994        |          4.96379                 70.813       
    94.4091    |        0.02813          10.1315  |        58.2435        |          6.99952                61.6536      
    82.9031    |        0.05831          20.1388  |        84.1096        |          4.70289                104.644      
    83.2216    |        0.17771          5.21254  |        79.2281        |          4.10882                91.6061      
    89.6701    |        0.07017          22.3444  |        81.001        |          6.39151                140.726      
    71.1494    |        0.09174          35.2807  |        76.087        |          5.48717                104.769      
    76.8736    |        0.06119          7.60742  |        59.4558        |          7.43344                 114.32       
    85.5815    |        0.02725          4.25995  |        67.5165        |          5.25397                69.7732      
    75.0249    |        0.13397          18.9552  |        80.0867        |          6.19975                83.9495      
    97.487    |        0.37573          7.21878  |        77.9322        |          7.60612                127.523      
    91.5183    |        0.16831          33.7808  |        66.9498        |          7.16644                60.1622      
    91.9546    |        0.01379          7.72261  |        62.5206        |          1.86677                67.6812      
    97.3442    |        0.10907          31.9365  |        70.0847        |          6.55692                 98.258       
    86.9089    |        0.20306          11.5188  |        84.1633        |          7.97355                111.421      
    78.3501    |        0.04485          26.317  |        78.2885        |          5.62525                62.4968      
    93.7277    |        0.15132          15.2937  |        82.8431        |          5.8826                113.023      
    81.7695    |        0.00195          0.49685  |        73.5455        |          6.76072                127.004      
    99.1873    |        0.04165          23.3536  |        51.6227        |          7.81309                103.826      
    88.1887    |        0.0897          21.4951  |        71.7721        |          7.38828                68.2581      
    72.5842    |        0.0253          14.7691  |        72.1396        |          7.16771                106.285      

Driver Hold Time (ms) | Piston Impact Speed (m/s)
0.99  45.1708
0.0  245.095
0.15  40.3152
0.02  145.05
0.32  60.8752
0.05  31.7578
0.06999999999999999  40.1575
0.73  35.7983
0.25999999999999995  44.4812
0.0  350.0
0.13999999999999999  55.3151
0.12999999999999998  22.0522
0.27999999999999997  38.6092
0.19  47.0515
0.0  71.8438
0.0  140.124
0.12999999999999998  34.4689
0.12999999999999998  18.7382
0.06999999999999999  41.1801
0.32  13.5071
0.0  280.612
0.17  48.5282
0.13999999999999999  49.3384
0.13999999999999999  28.7129

****************************************************************************************************
FINAL POPULATION:
Percent Helium | Driver Pressure (MPa) | p4 (MPa) | Throat Diameter (mm) | Reservoir Pressure (MPa) | Buffer length (mm)
    99.9966    |        0.2222          10.8784  |        78.315        |          6.07488                149.628      
    99.9286    |        0.21952          10.9909  |        78.3526        |          6.08327                149.473      
    99.8951    |        0.2185          11.1126  |        78.3557        |          6.10526                149.491      
    99.8567    |        0.21657          11.2277  |        78.3738        |          6.12042                149.435      
    99.5333    |        0.2169          11.1097  |        78.515        |          5.993                149.508      
    99.5154    |        0.21324          11.2121  |        78.5075        |          5.9988                149.409      
    99.4362    |        0.21262          11.3079  |        78.4954        |          6.00765                149.634      
    99.4257    |        0.2088          11.4019  |        78.4517        |          5.99298                149.603      
    99.4071    |        0.20878          11.6038  |        78.6984        |          6.06683                149.988      
    99.385    |        0.2094          11.8663  |        78.6721        |          6.15897                149.503      
    99.3506    |        0.20779          11.9347  |        78.6817        |          6.15735                149.553      
    99.2566    |        0.20609          12.0289  |        78.5845        |          6.13613                149.665      
    99.2026    |        0.20608          12.109  |        78.5592        |          6.12669                149.619      
    98.9722    |        0.20219          12.4643  |        78.4995        |          6.20166                148.785      
    98.816    |        0.20227          12.5478  |        78.53        |          6.18876                  148.3        
    98.7918    |        0.20055          12.6227  |        78.5353        |          6.1866                148.375      
    98.7473    |        0.19919          12.6859  |        78.5239        |          6.18358                148.483      
    98.6055    |        0.19871          12.8699  |        78.733        |          6.2127                147.465      
    98.579    |        0.19844          12.9089  |        78.7392        |          6.21384                147.401      
    98.4354    |        0.19575          13.06  |        78.9286        |          6.21524                146.529      
    98.0797    |        0.18033          13.4293  |        83.4071        |          6.43261                 126.98       
    98.2773    |        0.18308          13.4124  |        83.2804        |          6.45148                127.382      
    98.2794    |        0.18315          13.4181  |        83.2848        |          6.45098                127.376      
    97.8547    |        0.18215          14.2067  |        83.344        |          6.52495                127.436      

Driver Hold Time (ms) | Piston Impact Speed (m/s)
2.13  28.6791
2.0799999999999996  28.1248
2.0799999999999996  28.0097
2.0300000000000002  27.3757
2.0500000000000003  27.1893
2.0500000000000003  26.4011
2.0300000000000002  26.0448
2.0100000000000002  25.6262
0.98  25.3956
1.9400000000000002  25.1222
1.9300000000000002  24.824
1.89  24.2909
1.86  24.1907
1.86  22.9207
1.85  22.4172
1.82  22.116
1.82  21.8289
0.91  21.4608
1.79  21.3124
0.9  20.8844
0.85  1.41974
1.73  0.51027
1.72  0.5016
1.6  0.41591
