Simulation Type = Penalty
time taken = 6722.520008325577
Number of individuals that produced no hold time = 8
Fixer Count = 0
************************************************************
INITIAL POPULATION:
[1.438768086619876, 1.1154235111363444, 1.0221518770385383, 1.2426266304752267, 1.5772502719147155]
(848.0994661833627, 9.026457464238885e-05)
[1.2200995630453353, 1.7173354094907611, 1.0916625007871594, 1.4674273409206107, 1.2716184726120687]
(358.2635516923451, 0.0)
[1.0937188918035636, 1.4640264727912566, 1.125258474103075, 1.2439369367276034, 1.2363604159187713]
(293.34264371569225, 0.0)
[1.0343764051841982, 1.7808404790710393, 1.0614773449565347, 1.1841367009661754, 1.2511230217233686]
(516.7096338443159, 0.0)
[1.1443638422867428, 1.273233803168213, 1.294262739658645, 1.6398766505003257, 1.060760501123416]
(106.44461978178697, 0.0)
[1.3194617488525826, 1.6865308124689886, 1.0291562341375446, 1.673164901152524, 1.613502450242117]
(384.75234906472406, 0.002809161224068525)
[1.3948596714783268, 1.7951109447355682, 1.0416325025650064, 1.4082367843200814, 1.13828094815134]
(260.67888570097375, 0.0)
[1.937795113917396, 1.964378674560836, 1.0495595315575847, 1.906653343821111, 1.00616244316821]
(407.58759094549123, 0.0)
[1.3818354834988202, 1.5673315353129058, 1.018617443025251, 1.6725697389090428, 1.9359802001625255]
(320.78023749528984, 0.001363028759404361)
[1.386322413888708, 1.62756289329231, 1.1070231739801564, 1.122847810787353, 1.0865753818107837]
(78.54434185638593, 0.0)
[1.606189488956582, 1.9928660957178104, 1.0099807042191025, 1.163022143996509, 1.3439182682437394]
(593.5853760212749, 0.0)
[1.4201574671808928, 1.643725555131213, 1.0931523069756777, 1.1077893205452323, 1.9905792211112354]
(16.280719929619863, 0.0021822612316218723)
************************************************************
FINAL POPULATION:
[1.6815373641658602, 2.1864446632498002, 0.9996639466392447, 1.9811126734239783, 1.7622847023113286]
(0.03511564748123419, 0.010464643034711299)
[1.6695143064556066, 2.1924792268688273, 0.9978140912196005, 1.934631892907331, 1.7546464067701282]
(2.955464055523862, 0.026876458831186258)
[1.6742828820847289, 2.196347865221278, 0.9994448762630154, 1.8990662805409515, 1.7406733324861619]
(11.607567627916069, 0.027429649055080996)
[1.6513998733239317, 2.1836627957205574, 1.0014765910747683, 1.9008883135031445, 1.7341516130320798]
(29.535470076429192, 0.028190779882911986)
[1.6337772167929727, 2.1880014994831742, 0.9987682223751729, 1.90741896712892, 1.7346792696023063]
(73.72477793045209, 0.029135279862217207)
[1.6244309033395483, 2.1915963896319037, 0.9992903656893406, 1.9074565842774334, 1.734825169160346]
(71.13180802820898, 0.02903521460331166)
[1.619404924754169, 2.1829517127890137, 0.9991907578443706, 1.9028273091550536, 1.7287160355663331]
(118.50695983215655, 0.0019333832962179776)
[1.5907853264523613, 2.1904857769177033, 0.9988510722502019, 1.9039080940980515, 1.7347103285180128]
(94.89026746880381, 0.011226972911226166)
[1.5793798190136177, 2.2264213834532893, 1.0000486632256418, 1.9071326337512553, 1.7537842191683892]
(114.5639098854731, 0.001190483856199305)
[1.5678581348447833, 2.2144926874133963, 1.000471438080836, 1.9036538738220194, 1.743654485447425]
(134.37429134228705, 0.0011269724771846706)
[1.5585130897445392, 2.206990634240648, 1.0004495294808726, 1.889415611867717, 1.740987709560251]
(141.34134605806048, 0.0006121017160606798)
[1.5113014857799516, 2.1964539469840294, 1.000930318811816, 1.9077867877007189, 1.733564356182497]
(182.45614245203478, 0.03095418962413566)
