Simulation Type = ParentValue
step size = 0.005
pop size = 36
p4 treatment = hard_bounds_on_p4
time taken = 98101.49597764015
Number of generations = 750
Current Time = 2025-07-17 04:03:47
Number of individuals that produced no hold time = 62
Fixer Count = 11169
****************************************************************************************************
INITIAL POPULATION:
Percent Helium |Driver Pressure (MPa) | p4 (MPa) | Throat Diameter (mm) | Reservoir Pressure (MPa)
    73.9482    |        2.63339        |  38.7025  |        82.3595        |          3.44026          
    73.8257    |        0.95819        |  39.034  |        79.5806        |          5.17654          
    95.2903    |        2.31332        |  37.7692  |        82.2402        |          2.50719          
    75.2399    |        2.44707        |  38.7549  |        76.2059        |          7.88478          
    81.9412    |        0.54289        |  12.5151  |        60.0806        |          6.20015          
    92.5973    |        0.76516        |  21.7592  |        68.0149        |          6.45785          
    99.1238    |        0.45933        |  39.4074  |        50.3948        |          7.37062          
    80.708    |        2.21703        |  39.4346  |        77.9823        |          7.46674          
     99.25     |        0.90893        |  32.6359  |        78.0172        |          7.69202          
    83.5166    |        0.90142        |  18.5049  |        63.8691        |          2.52282          
    70.8348    |        0.36025        |  16.747  |        64.8879        |          1.46211          
    70.141    |        0.94036        |  32.3203  |        55.818        |          4.06978          
    77.6024    |        1.92456        |  38.6908  |        78.6346        |          2.42653          
    70.6541    |        2.39229        |  37.29  |        60.1789        |          4.4244          
    77.307    |        1.67948        |  35.9849  |        51.769        |          7.70688          
    99.8023    |        1.19103        |  37.8183  |        67.5866        |          4.92646          
    98.5603    |        0.08042        |  10.7582  |        51.0497        |          4.32756          
    81.7155    |        1.82289        |  38.1013  |        83.3007        |          7.89503          
    72.2642    |        2.04409        |  36.1962  |        67.9913        |          2.92069          
    92.5104    |        0.65049        |  33.9041  |        83.7175        |          4.9749          
    94.1076    |        1.80155        |  35.781  |        56.9205        |          7.45175          
    74.4475    |        2.65777        |  39.8113  |        55.4637        |          3.99772          
    92.0868    |        0.36803        |  23.5491  |        83.6656        |          6.53427          
    87.7102    |        1.13022        |  30.679  |        80.0852        |          2.50908          
    80.0316    |        2.18479        |  39.8762  |        78.8107        |          5.28099          
    72.5358    |        1.67926        |  33.9643  |        62.4468        |          5.51436          
    91.6694    |        0.04477        |  18.0439  |        80.6247        |          7.2646          
    94.8409    |        2.47347        |  39.5875  |        67.8058        |          7.58874          
    97.9872    |        0.30441        |  34.8019  |        70.3955        |          4.79065          
    73.8533    |        2.07226        |  34.3611  |        79.6226        |          2.81016          
    74.4618    |        0.85287        |  24.4257  |        56.891        |          6.10681          
    87.0038    |        1.38408        |  26.0632  |        50.755        |          5.34194          
    97.0472    |        0.99007        |  15.4804  |        83.6729        |          2.2631          
    99.9689    |        1.81399        |  34.9865  |        62.7761        |          3.43628          
    74.0745    |        0.2285        |  30.632  |        64.1089        |          5.85722          
    87.5772    |        2.28873        |  39.4679  |        52.339        |          3.33031          

Residual of Shock Speed (m/s) | Driver Hold Time (ms)
           2093.81                     0.0          
           1715.89                     0.0          
            1197.6                      0.0          
           2040.41                     0.0          
            2068.0                    0.00237        
           1256.52                     0.0          
           21.4651                     0.0          
           1838.37                     0.0          
           286.573                     0.0          
           2066.14                     0.0          
           1947.46                     0.0          
           1976.11                     0.0          
           1990.48                     0.0          
           2155.72                     0.0          
           1893.48                     0.0          
           443.766                     0.0          
           807.971                   0.00016        
            1752.2                      0.0          
           2083.12                     0.0          
           964.976                     0.0          
           1216.12                     0.0          
           2059.23                     0.0          
            1137.5                    0.00081        
           1547.05                     0.0          
           1838.24                     0.0          
           2048.18                     0.0          
           441.682                   0.00011        
           1238.19                     0.0          
           77.9205                     0.0          
           2097.92                     0.0          
           1988.35                     0.0          
           1748.79                     0.0          
           1509.36                     0.0          
           708.264                     0.0          
           1227.02                   0.00035        
           1583.51                     0.0          

****************************************************************************************************
FINAL POPULATION:
Percent Helium | Driver Pressure (MPa) | p4 (MPa) | Throat Diameter (mm) | Reservoir Pressure (MPa)
    99.9928            0.26068          26.4023          51.2079                  5.94763          
    99.9693            0.27247          25.0516          50.4231                  5.84732          
    99.9713            0.28093          23.7014          50.4519                  5.84825          
    99.9996            0.29915          22.6561          50.5252                  5.80464          
    99.9893            0.30503          21.5222          50.0681                  5.68201          
    99.9591            0.31606          20.8728          50.1686                  5.68526          
    99.9782            0.3529          20.4491          50.3709                  5.90788          
    99.9998            0.36825          19.4968          50.1997                  5.88344          
    99.9741            0.38043          18.532          50.4707                  5.8744          
    99.9845            0.43287          18.0143          50.1999                  6.13305          
    99.9696            0.45617          17.1467          50.377                  6.13675          
    99.979            0.48165          16.3313          50.4002                  6.10933          
    99.9989            0.6205          16.9864          52.7797                  7.34774          
    99.9959            0.62339          16.42          52.7689                  7.33392          
    99.992            0.70514          16.3981          52.6411                  7.74891          
    99.9651            0.74598          15.835          52.4803                  7.77859          
    99.9975            0.75746          15.0207          50.8559                  7.47113          
    99.9971            0.77658          14.507          52.1584                  7.41251          
    99.9919            0.81805          14.0609          50.8227                  7.39684          
    99.9983            0.90871          14.1489          53.7642                  7.96686          
    99.9928            0.90411          13.244          63.8328                  7.95242          
    99.9937            0.65656          10.0822          74.555                  6.03303          
    99.9962            0.66356          9.74446          74.5017                  5.98941          
    99.9541            0.63332          9.26707          72.7317                  5.54066          
    99.9996            0.48604          7.64511          56.8744                  3.7024          
    99.9984            0.4999          7.32725          56.8852                  3.67305          
    99.9954            0.46284          6.7718          56.8205                  3.37999          
    99.9999            0.4216          6.17741          56.6485                  3.01939          
    99.9988            0.38727          5.66581          57.0791                  2.77323          
    99.983            0.35396          5.18598          57.283                  2.49316          
    99.9869            0.32323          4.73038          56.3856                  2.22585          
    99.9869            0.28279          4.13875          57.8226                  1.94525          
    99.9917            0.25346          3.70806          58.1722                  1.73398          
    99.9673            0.23434          3.42921          56.8017                  1.58587          
    99.9762            0.21082          3.08514          58.4334                  1.42761          
    99.9509            0.19432          2.84294          56.6134                  1.30589          

Residual of Shock Speed (m/s) | Driver Hold Time (ms)
           0.00058                   0.00098        
           103.081                   0.00105        
           197.775                   0.00112        
            290.26                    0.00119        
           370.867                   0.00126        
           433.293                   0.00131        
           513.811                   0.00141        
           593.548                   0.00149        
           675.367                   0.00158        
            770.28                    0.00173        
           854.574                   0.00185        
           934.692                   0.00198        
           1001.32                   0.00213        
           1041.07                   0.00222        
           1096.76                   0.00237        
           1160.48                   0.00252        
           1219.09                   0.00268        
           1265.23                   0.00279        
           1318.41                   0.00296        
           1353.44                   0.00311        
           1416.82                   0.00324        
           1560.22                   0.00341        
           1595.74                   0.00355        
           1629.73                   0.00363        
           1715.86                   0.00385        
           1763.35                   0.00407        
           1810.18                   0.0042        
           1862.92                   0.00436        
           1913.86                   0.0045        
           1965.65                   0.00467        
           2018.95                   0.00486        
           2095.65                   0.00512        
           2158.23                   0.00536        
           2203.84                   0.00555        
           2263.19                   0.00578        
           2310.31                   0.006        
