Simulation Type = ArnoldCHT_AL
step size = 0.1
pop size = 24
p4 treatment = None
git commit = 4e59b5a-dirty
features = al_tol_schedule=[3585, 100.0, 100, 250], psucc_sentinel_as_failure=True
time taken = 114350.85135579109
Number of generations = 500
Current Time = 2026-07-22 06:42:20
Number of individuals that produced no hold time = 0
Fixer Count = 0
****************************************************************************************************
INITIAL POPULATION:
Percent Helium |Driver Pressure (MPa) | p4 (MPa) | Throat Diameter (mm) | Reservoir Pressure (MPa) | Buffer Length (mm)
    70.4372    |        0.14213          27.3383  |        82.2004        |          7.11884                 126.16       
    75.7213    |        0.01076          4.9888  |        52.2402        |          5.015                141.569      
    86.701    |        0.07839          14.0285  |        79.167        |          7.3252                98.5791      
    98.1123    |        0.02026          3.5704  |        81.6854        |          2.12153                 50.794       
    96.618    |        0.16484          21.2749  |        77.2994        |          4.96379                 70.813       
    94.4091    |        0.02813          10.1315  |        58.2435        |          6.99952                61.6536      
    82.9031    |        0.05831          20.1388  |        84.1096        |          4.70289                104.644      
    83.2216    |        0.17771          5.21254  |        79.2281        |          4.10882                91.6061      
    89.6701    |        0.07017          22.3444  |        81.001        |          6.39151                140.726      
    71.1494    |        0.09174          35.2807  |        76.087        |          5.48717                104.769      
    76.8736    |        0.06119          7.60742  |        59.4558        |          7.43344                 114.32       
    85.5815    |        0.02725          4.25995  |        67.5165        |          5.25397                69.7732      
    75.0249    |        0.13397          18.9552  |        80.0867        |          6.19975                83.9495      
    97.487    |        0.37573          7.21878  |        77.9322        |          7.60612                127.523      
    91.5183    |        0.16831          33.7808  |        66.9498        |          7.16644                60.1622      
    91.9546    |        0.01379          7.72261  |        62.5206        |          1.86677                67.6812      
    97.3442    |        0.10907          31.9365  |        70.0847        |          6.55692                 98.258       
    86.9089    |        0.20306          11.5188  |        84.1633        |          7.97355                111.421      
    78.3501    |        0.04485          26.317  |        78.2885        |          5.62525                62.4968      
    93.7277    |        0.15132          15.2937  |        82.8431        |          5.8826                113.023      
    81.7695    |        0.00195          0.49685  |        73.5455        |          6.76072                127.004      
    99.1873    |        0.04165          23.3536  |        51.6227        |          7.81309                103.826      
    88.1887    |        0.0897          21.4951  |        71.7721        |          7.38828                68.2581      
    72.5842    |        0.0253          14.7691  |        72.1396        |          7.16771                106.285      

Driver Hold Time (ms) | Piston Impact Speed (m/s)
0.99  45.1708
0.0  245.095
0.13999999999999999  40.3152
0.02  145.05
0.32  60.8752
0.05  31.7578
0.06999999999999999  40.1575
0.73  35.7983
0.25999999999999995  44.4812
0.17  62.2836
0.13999999999999999  55.3151
0.12999999999999998  22.0522
0.27999999999999997  38.6092
0.19  47.0515
0.0  71.8438
0.0  140.124
0.12999999999999998  34.4689
0.12999999999999998  18.7382
0.06999999999999999  41.1801
0.32  13.5071
0.0  280.612
0.17  48.5282
0.13999999999999999  49.3384
0.13999999999999999  28.7129

****************************************************************************************************
FINAL POPULATION:
Percent Helium | Driver Pressure (MPa) | p4 (MPa) | Throat Diameter (mm) | Reservoir Pressure (MPa) | Buffer length (mm)
    98.8281    |        0.26154          12.5306  |        79.6017        |          7.35375                126.103      
    99.9762    |        0.2472          11.822  |        79.8839        |          7.29396                126.059      
    99.9538    |        0.24656          11.8511  |        79.8762        |          7.29425                126.091      
    99.7556    |        0.24444          12.1024  |        79.326        |          7.29958                126.815      
    99.7161    |        0.24129          12.2706  |        79.333        |          7.2994                126.747      
    99.6326    |        0.2386          12.4212  |        79.369        |          7.30367                 126.93       
    99.5097    |        0.23463          12.604  |        79.2125        |          7.30141                126.947      
    99.2566    |        0.23298          12.8038  |        79.2272        |          7.29994                128.694      
    99.2165    |        0.23056          12.891  |        79.1544        |          7.30123                128.442      
    99.0746    |        0.22875          13.0599  |        79.0306        |          7.30639                128.548      
    98.9458    |        0.22385          13.247  |        79.1269        |          7.31779                127.063      
    98.9238    |        0.22446          13.3515  |        79.1027        |          7.31676                 127.11       
    98.6029    |        0.21851          13.7463  |        79.1002        |          7.37825                127.825      
    98.4816    |        0.21606          13.9481  |        79.0976        |          7.3943                127.555      
    98.3802    |        0.21391          14.1396  |        78.8498        |          7.40524                 128.02       
    98.3044    |        0.21344          14.2801  |        78.7316        |          7.40641                128.108      
    98.2954    |        0.21262          14.3653  |        78.7213        |          7.41093                 128.08       
    97.5341    |        0.18655          14.8837  |        76.6775        |          6.60803                129.356      
    97.4985    |        0.18344          14.9843  |        76.6516        |          6.62108                129.162      
    97.4661    |        0.18246          15.0569  |        76.6426        |          6.62982                129.178      
    97.6443    |        0.17585          14.8639  |        77.4374        |          6.57841                128.832      
    97.6233    |        0.17619          14.98  |        77.4747        |          6.59535                128.616      
    97.5176    |        0.17562          15.32  |        77.6231        |          6.60162                128.504      
    97.2677    |        0.17275          16.9318  |        76.9099        |          6.74793                129.693      

Driver Hold Time (ms) | Piston Impact Speed (m/s)
2.15  41.1193
0.05  34.2195
0.02  34.089
2.07  32.9396
1.13  32.3889
1.11  31.9272
1.98  30.9929
1.96  29.7584
1.08  29.3315
1.9200000000000002  28.5809
1.89  28.2171
1.88  28.0649
1.84  26.4439
1.81  25.8506
1.79  25.0425
1.7799999999999998  24.296
0.76  24.1292
1.66  18.5828
0.8  17.3729
1.64  17.1027
1.61  23.6803
1.6199999999999999  1.36631
1.55  23.9469
1.36  0.83085
