Simulation Type = ParentValue
step size = 0.005
pop size = 24
p4 treatment = hard_bounds_on_p4
time taken = 21849.585649967194
Number of generations = 750
Current Time = 2025-07-26 22:54:02
Number of individuals that produced no hold time = 0
Fixer Count = 3352
****************************************************************************************************
INITIAL POPULATION:
Percent Helium |Driver Pressure (MPa) | p4 (MPa) | Throat Diameter (mm) | Reservoir Pressure (MPa) | Buffer Length (mm)
    74.3544    |        1.34439        |  24.8235  |        83.2379        |          1.83607                70.1565      
    77.4686    |        0.24218        |  17.9125  |        81.8265        |          0.54876                116.019      
    80.8797    |        0.43197        |  33.2169  |        52.1272        |          1.73566                132.988      
    90.5281    |        1.47171        |  37.5769  |        71.1724        |          7.52756                88.9527      
    98.5929    |        1.54622        |  27.437  |        72.2562        |          5.44175                82.7438      
    70.1022    |        2.20375        |  35.9873  |        79.6648        |          5.4535                110.571      
    81.8381    |        1.52115        |  37.9405  |        62.332        |          7.31674                50.0766      
    75.4836    |        0.77818        |  20.069  |        56.1331        |          1.1925                141.525      
    86.3467    |        2.45142        |  39.8272  |        67.0863        |          3.25895                71.5733      
    94.6809    |        2.09662        |  35.891  |        70.3573        |          7.57033                 89.296       
    74.4673    |        2.06287        |  38.8985  |        73.9858        |          6.89218                132.787      
    88.9769    |        0.74305        |  30.2875  |        54.7272        |          0.84325                131.208      
     71.34     |        1.29166        |  32.9563  |        77.1021        |          7.46152                117.102      
    84.6308    |        2.37251        |  37.6998  |        69.115        |          5.90069                95.7369      
    74.2071    |        2.43817        |  38.3172  |        55.446        |          3.44216                107.982      
    75.0379    |        1.33875        |  21.5996  |        50.6029        |          4.73673                149.096      
    82.9882    |        0.8604        |  34.6582  |        56.1929        |          2.80654                116.226      
    79.6119    |        0.1738        |  28.3532  |        53.9666        |          4.30514                139.358      
    72.7741    |        0.74707        |  12.7338  |        50.6252        |          3.47763                55.7421      
    81.436    |        1.67256        |  39.7527  |        61.8528        |          5.16296                129.165      
    89.1502    |        0.20015        |  3.74211  |        55.8299        |          6.68635                53.0588      
    94.8672    |        0.7757        |  29.3062  |        62.9331        |          2.19507                94.3673      
    94.2574    |        0.44807        |  14.4648  |        63.5764        |          4.38457                110.804      
    79.1277    |        0.34144        |  13.3524  |        53.882        |          0.65698                133.793      

Residual of Shock Speed (m/s) | Driver Hold Time (ms) | Piston Impact Speed (m/s)
           2144.94                     0.0                     350.0           
           1823.71                     0.0                     350.0           
           1309.65                     0.0                     350.0           
           1295.78                     0.0                     350.0           
           1040.61                     0.0                     350.0           
           2160.79                     0.0                     350.0           
           1997.04                     0.0                     350.0           
           1968.84                     0.0                     350.0           
           1671.44                     0.0                     350.0           
           1218.86                     0.0                     350.0           
           1990.31                     0.0                     350.0           
           1122.26                     0.0                     350.0           
           2142.47                     0.0                     350.0           
           1772.93                     0.0                     350.0           
           2067.34                     0.0                     350.0           
           1927.52                     0.0                     350.0           
           1540.04                     0.0                     350.0           
           953.876                     0.0                     350.0           
           2308.96                     0.0                     350.0           
           1881.37                     0.0                     350.0           
           2487.97                     0.0                     350.0           
           798.868                     0.0                     350.0           
           1668.98                     0.0                     350.0           
           1971.26                     0.0                     350.0           

****************************************************************************************************
FINAL POPULATION:
Percent Helium | Driver Pressure (MPa) | p4 (MPa) | Throat Diameter (mm) | Reservoir Pressure (MPa) | Buffer length (mm)
    94.809            0.13329          29.6131          59.7222                  3.89471                131.231      
    99.7133            0.12784          20.3949          62.4729                  3.49237                135.354      
    93.9442            0.1515          31.1824          55.4439                  4.21601                145.485      
    99.5471            0.13437          18.7701          61.0222                  3.5423                137.869      
    93.0503            0.14595          27.612          55.3697                  4.06854                140.191      
    99.037            0.11743          14.6092          66.8691                  2.94138                140.629      
    97.9985            0.12537          14.7974          66.3524                  3.11953                139.907      
    98.3227            0.12904          13.1678          67.5997                  3.16695                136.401      
    97.9365            0.13241          12.4914          67.5313                  3.18742                136.104      
    80.8035            0.15198          30.3508          55.4202                  4.27529                143.549      
    99.8918            0.11101          9.52643          68.3441                  2.48948                141.523      
    99.7391            0.11557          8.68834          68.3674                  2.49058                141.218      
    79.4971            0.15174          25.0242          53.7416                  4.27627                139.791      
    99.7052            0.12246          7.97502          68.0651                  2.52447                141.699      
    90.5342            0.12998          13.6286          59.8641                  2.97973                148.919      
    99.8089            0.11151          6.66198          75.9787                  2.41061                128.512      
     99.79             0.11788          6.2981          75.6244                  2.42556                129.039      
    99.8123             0.119           5.76814          76.2272                  2.34878                130.745      
    99.8426            0.12207          5.30119          79.0089                  2.35729                130.507      
    99.8268            0.12717          5.01172          78.8505                  2.34427                130.387      
    99.9121            0.13186          4.71753          78.797                  2.32604                130.169      
    90.3686            0.12745          7.23743          63.8727                  2.50435                144.065      
    99.036            0.13141          4.69455          67.2924                  2.17268                138.405      
    97.7207            0.15203          4.38627          64.2494                  2.45762                139.415      

Residual of Shock Speed (m/s) | Driver Hold Time (ms) | Piston Impact Speed (m/s)
             0.0                      0.54                   28.125          
           14.7942                    0.79                   52.099          
           77.6798             0.5599999999999999            13.065          
           182.396                    0.91                    46.38           
            293.82                     0.73                    8.865           
           517.113                     1.0                    63.405          
           627.106                    1.07                   57.038          
           760.374                     1.2                    61.642          
           869.125                    1.26                   59.662          
            881.11                     0.71                    0.465           
           961.949             1.4300000000000002            71.344          
           1100.94                     1.6                    69.839          
           1132.75             0.7699999999999999             0.461           
           1224.06                    1.73                    67.66           
           1228.21                    1.13                   21.257          
           1383.97                    1.88                    92.46           
           1464.07             2.0500000000000003            89.781          
           1557.82                    2.21                    90.53           
            1649.5                     2.39                   97.393          
           1718.19                    2.56                   95.529          
           1781.76                    2.71                   94.547          
           1833.59                    1.42                   32.771          
           1837.58                    2.09                   60.962          
           2006.54                    1.77                   47.609          
