Simulation Type = ElitistCrossover
time taken = 16619.261872053146
Number of individuals that produced no hold time = 5
Fixer Count = 996
****************************************************************************************************
INITIAL POPULATION:
Percent Helium |Driver Pressure (MPa) | p4 (MPa) | Throat Diameter (mm) | Reservoir Pressure (MPa)
     71.77     |        1.139        |   20.8   |        57.01        |          5.034          
     93.66     |        2.284        |  27.29  |        73.58        |          26.79          
     94.09     |        0.259        |  9.633  |        75.56        |          5.001          
     71.46     |        3.228        |   32.6   |        69.37        |          24.09          
     83.59     |        1.424        |  20.32  |        55.23        |          35.97          
     79.11     |        4.399        |  29.04  |        72.14        |          37.11          
     99.39     |        2.307        |  29.09  |        59.47        |          10.15          
     71.58     |         1.53         |  14.18  |        73.96        |          38.56          
     76.89     |        0.942        |  18.73  |        64.23        |          32.56          
     76.55     |        2.288        |  36.23  |        66.48        |          2.749          
     98.54     |        4.884        |  24.62  |        81.19        |          12.25          
     84.06     |        1.836        |  15.01  |        75.29        |          27.28          

Residual of Shock Speed (m/s) | Driver Hold Time (ms)
            273.1                      0.0          
            582.6                      2.0          
            1200.0                      0.0          
            260.2                      0.0          
            230.0                      1.0          
            291.2                      3.0          
            234.3                      0.0          
            339.9                      1.0          
            53.7                      1.0          
            19.61                      0.0          
            381.5                      0.0          
            190.2                      2.0          

****************************************************************************************************
FINAL POPULATION:
Percent Helium | Driver Pressure (MPa) | p4 (MPa) | Throat Diameter (mm) | Reservoir Pressure (MPa)
      84.7               4.454           36.31          66.76                  37.25          
      84.7               4.454           36.31          66.76                  37.25          
     91.74              4.751           23.76          71.41                  24.58          
     91.74              4.751           23.75          71.41                  24.58          
     91.74              4.751           23.75          71.41                  24.58          
     91.74              4.751           23.75          71.41                  24.58          
     91.74              4.751           23.76          71.41                  24.58          
     91.74              4.751           23.76          71.41                  24.58          
      84.7               4.454           36.31          66.76                  37.25          
     91.74              4.751           23.76          71.41                  24.58          
     91.74              4.751           23.75          71.41                  24.58          
     91.74              4.751           23.76          71.41                  24.58          

Residual of Shock Speed (m/s) | Driver Hold Time (ms)
            0.001                      5.0          
            0.005                      8.0          
            0.001                      8.0          
            0.006                      8.0          
            0.002                      8.0          
            0.053                      8.0          
            0.033                      8.0          
             0.0                       5.0          
            0.004                      8.0          
            0.008                      8.0          
            0.056                      8.0          
            0.075                      8.0          
