Simulation Type = Penalty
alpha = 0.0001time taken = 11102.806475400925
Number of individuals that produced no hold time = 1
Fixer Count = 0
****************************************************************************************************
INITIAL POPULATION:
Percent Helium |Driver Pressure (MPa) | p4 (MPa) | Throat Diameter (mm) | Reservoir Pressure (MPa)
     83.99     |        4.305        |  30.96  |        53.29        |          12.38          
     72.11     |        2.148        |  14.76  |        59.35        |          21.72          
     96.74     |        0.521        |  31.46  |        66.46        |          16.73          
      82.3      |        2.167        |  12.86  |        56.71        |          25.77          
     75.95     |        1.969        |  11.72  |        64.42        |          26.94          
     97.68     |        3.049        |  16.06  |        72.59        |          14.24          
      85.5      |        1.028        |  16.71  |        83.63        |          18.15          
     73.96     |        2.936        |  36.87  |        84.83        |          29.07          
     94.69     |        0.872        |  10.44  |        70.08        |          34.85          
     89.96     |         2.31         |  15.51  |        74.57        |          24.73          
     94.17     |         0.87         |  16.18  |        70.87        |          24.46          
     89.74     |        2.934        |  17.78  |        72.98        |          14.92          

Residual of Shock Speed (m/s) | Driver Hold Time (ms)
            191.9                      0.0          
            527.8                    0.002        
            852.8                      0.0          
            460.0                    0.001        
            646.2                    0.001        
            260.5                      0.0          
            15.14                    0.001        
            250.8                    0.003        
            149.3                      0.0          
            265.0                    0.001        
            84.11                      0.0          
            172.8                      0.0          

****************************************************************************************************
FINAL POPULATION:
Percent Helium | Driver Pressure (MPa) | p4 (MPa) | Throat Diameter (mm) | Reservoir Pressure (MPa)
     94.03              3.165           15.84          77.15                  15.53          
     94.04              3.161           15.81          77.19                  15.56          
     94.04              3.161           15.81          77.19                  15.56          
     94.09              3.175           15.88           77.2                   15.65          
     94.12              3.182           15.91          77.22                  15.69          
     94.95              3.129           15.64          76.84                  15.39          
     94.97              3.129           15.65          76.84                   15.4           
     94.99              3.129           15.65          76.83                   15.4           
     95.01              3.129           15.65          76.84                  15.41          
     95.05               3.13            15.65          76.84                  15.42          
     95.07              3.132           15.66          76.84                  15.43          
      95.1               3.131           15.65          76.88                  15.43          

Residual of Shock Speed (m/s) | Driver Hold Time (ms)
            0.001                    0.007        
            0.002                    0.007        
            0.169                    0.007        
            3.892                    0.007        
            5.581                    0.007        
            44.5                    0.007        
            46.17                    0.007        
            47.27                    0.007        
            47.21                    0.007        
            49.5                    0.007        
            50.78                    0.007        
            51.95                    0.007        
