Simulation Type = Penalty
time taken = 718.2211236953735
Number of individuals that produced no hold time = 9
Fixer Count = 0
************************************************************
INITIAL POPULATION:
[1.1780161357978376, 1.4788937613274251, 1.0308464410777467, 1.8413527486910728, 1.0383712535398923]
(488.6705394282376, 0.0)
[1.45653511447609, 1.499228743693354, 1.0283366223662112, 1.847364374774381, 1.554551119565418]
(4.152012644432034, 0.002960450042636666)
[1.393166858461818, 1.3855262564744582, 1.0772681868928917, 1.3356346268010728, 1.6880249388928301]
(349.67969775274787, 0.0016064347887863855)
[1.7814298572416498, 1.3086412712234772, 1.2619726807321991, 1.862808509312679, 1.3857761263943544]
(599.294139572608, 0.0008645651250559876)
[1.2836121287694966, 1.8608194874593027, 1.0114890950649034, 1.6815364060891127, 1.0568354796420951]
(251.01961025125186, 0.0)
[1.1346233843838547, 1.4215191922208434, 1.1207685284245892, 1.2806038500132515, 1.0197292192343343]
(652.322310301156, 0.0)
[1.9059105211152048, 1.9152489304913702, 1.0521758673453085, 1.4131477227016027, 1.8645839387546812]
(900.4860576560277, 0.0)
[1.059829453769188, 1.798650476581627, 1.0719291169633454, 1.1416377701899572, 1.6661862941569483]
(3.6596389460878527, 0.0)
[1.0850079299996689, 1.2492076406249057, 1.328478145506157, 1.2438127256853042, 1.1722640047331443]
(6.4323974728285975, 0.0)
[1.6855650909299897, 1.4430446438417053, 1.1425587642391493, 1.7668971522557935, 1.2409326438997381]
(244.06817262542245, 0.0)
[1.1650782000983237, 1.73050860528244, 1.0251402106337617, 1.711104377957066, 1.3392450282775947]
(6.71592116278498, 0.0)
[1.7340299018152308, 1.5599726559716358, 1.1014778378231886, 1.828077824657385, 1.5059391032684772]
(281.9021172453595, 0.0)
************************************************************
FINAL POPULATION:
[1.3706450802005221, 1.6217235222498885, 1.0980476156805516, 2.03526781951283, 1.5272334008371322]
(68.29716983672643, 0.0)
[1.6736473944879926, 1.397148902152621, 1.0484828864551643, 1.9535135802053543, 1.2582515186317114]
(128.161299138309, 0.0046640762662439016)
[1.4732596700992187, 1.4170350838785801, 1.0977849353978848, 1.841597571346643, 1.5694701562171403]
(164.7489880447206, 0.002468860510440426)
[1.4599954731516163, 1.4127482453047717, 1.103106555097528, 1.874250948659934, 1.5350784442666414]
(174.4897869986653, 0.00295734155851181)
[1.5163953624031126, 1.4745132698488772, 1.0764012460294992, 1.835096407398263, 1.557833827073709]
(351.01598047949983, 0.0)
[1.5837719383876547, 1.566529677712048, 0.9509782194973448, 1.628151671293327, 1.4644629879556506]
(160.77604057425015, 0.003589060145582486)
[1.6429996054816103, 1.5927457482880043, 1.0395243424057943, 1.7289511814215321, 1.5117679675912414]
(54.892502633391814, 0.0026012105078489604)
[1.6968713148919818, 1.6861737369543355, 0.9880426495739462, 1.6800858252862605, 1.4994106036189065]
(139.90312130924303, 0.0026748097838549534)
[1.7342935681540137, 1.6417965684759712, 1.0182571275068795, 1.6332161002842909, 1.4409602188589197]
(327.5289110008166, 0.004077281092408246)
[1.7077162377253927, 1.5639637249988465, 1.0025616994145268, 1.703894341569209, 1.3245472577264368]
(292.3684372889511, 0.0)
[1.3291171492935951, 1.5665210026180911, 1.1134670293165063, 2.117906398934996, 1.501080809543849]
(53.199119447759585, 0.0)
[1.7975102067644062, 1.4239265996119979, 1.031607396526989, 1.803586163361923, 1.2906489470580984]
(654.0866628733716, 0.0)
