Simulation Type = Penalty
alpha = 0.0001time taken = 9954.476987361908
Number of individuals that produced no hold time = 6
Fixer Count = 0
****************************************************************************************************
INITIAL POPULATION:
Percent Helium |Driver Pressure (MPa) | p4 (MPa) | Throat Diameter (mm) | Reservoir Pressure (MPa)
     84.52     |        3.702        |  24.64  |        83.87        |          3.776          
     72.43     |        0.037        |  1.928  |        67.37        |          15.07          
     79.43     |        2.325        |  22.76  |         59.9         |           39.5           
      77.7      |        4.276        |  39.47  |         73.9         |          6.543          
     86.92     |         0.82         |  18.92  |         52.9         |          28.63          
     77.54     |          3.4          |  17.94  |        52.69        |          39.88          
     82.13     |        0.857        |  22.56  |        53.27        |          35.41          
     74.87     |         2.99         |  39.07  |        84.77        |          24.64          
     86.57     |        0.845        |  36.93  |        73.56        |           10.9           
      91.4      |        3.458        |  36.46  |         59.6         |          17.49          
     73.53     |        0.413        |  18.66  |        73.66        |          1.701          
     91.56     |        0.323        |  5.188  |        64.42        |           10.1           

Residual of Shock Speed (m/s) | Driver Hold Time (ms)
            61.41                      0.0          
            52.61                      0.0          
            469.6                    0.001        
            134.3                      0.0          
            349.2                    0.001        
            401.4                    0.002        
            274.6                      0.0          
            45.46                      0.0          
            1013.0                      0.0          
            495.8                      0.0          
            211.7                      0.0          
            303.5                    0.003        

****************************************************************************************************
FINAL POPULATION:
Percent Helium | Driver Pressure (MPa) | p4 (MPa) | Throat Diameter (mm) | Reservoir Pressure (MPa)
     88.29              7.174           38.92          52.33                   39.4           
     88.37              7.253           38.52          52.37                  39.03          
     88.42              7.264           38.22          52.33                  38.72          
     88.43              7.289           38.02           52.3                   38.55          
      88.4               7.323           37.79          52.35                   38.3           
     88.34              7.311           37.62          52.29                  38.13          
     88.37              7.339           37.43          52.22                  37.93          
     88.31              7.326           37.37          52.18                  37.86          
     88.06               7.24            37.47          52.11                   37.9           
     88.36              7.357           36.86          52.08                  37.31          
     88.33              7.346           36.74          52.02                  37.17          
     88.14              7.363           36.86          51.82                  37.29          

Residual of Shock Speed (m/s) | Driver Hold Time (ms)
            0.011                    0.067        
            6.877                    0.064        
            11.11                    0.035        
            13.94                    0.001        
            20.24                    0.066        
            24.67                     0.07         
            29.49                     0.07         
            29.06                    0.062        
            34.65                    0.071        
            38.79                    0.071        
            39.16                    0.001        
            46.79                    0.069        
