Simulation Type = ParentValue
alpha = 0.1time taken = 17689.46547460556
Number of individuals that produced no hold time = 10
Fixer Count = 2421
****************************************************************************************************
INITIAL POPULATION:
Percent Helium |Driver Pressure (MPa) | p4 (MPa) | Throat Diameter (mm) | Reservoir Pressure (MPa)
    77.7051    |        1.27549        |  15.5036  |        75.7822        |          37.3848          
    79.0217    |        0.69386        |  36.0884  |        82.1394        |          21.024          
    75.1773    |        1.15751        |  27.3031  |        52.8139        |          22.1096          
    93.8707    |        4.93133        |  32.2415  |        54.8056        |          34.7254          
    94.5017    |        2.39312        |  35.6852  |        79.8028        |          9.53139          
    90.8207    |        4.60245        |  34.93  |        73.4911        |          20.962          
    86.0357    |        0.56763        |  24.7783  |        69.9533        |          23.2739          
    87.1458    |        4.18806        |  28.3273  |        56.5268        |          31.3085          
    93.4926    |        4.80359        |  26.5563  |        70.9918        |          8.09455          
    81.7206    |        4.94086        |  30.6185  |        78.2641        |          15.9609          
    83.2913    |        4.29398        |  27.2769  |        66.7315        |          9.91469          
    77.9447    |        2.79924        |  18.8321  |        73.6879        |          25.5458          

Residual of Shock Speed (m/s) | Driver Hold Time (ms)
           2745.17                   0.00034        
           1393.82                   0.00073        
           1991.69                   0.00193        
           1817.51                   0.00554        
           1016.26                     0.0          
           1406.27                     0.0          
            1587.6                    0.00059        
            1694.5                      0.0          
           2042.79                     0.0          
           2249.33                     0.0          
            2093.1                      0.0          
           2391.25                   0.00471        

****************************************************************************************************
FINAL POPULATION:
Percent Helium | Driver Pressure (MPa) | p4 (MPa) | Throat Diameter (mm) | Reservoir Pressure (MPa)
    99.9887            0.51856          35.1018          79.3546                  14.4072          
    99.9974            1.41941          50.9325          71.8289                  35.5969          
    99.9984            1.91247          48.4344          70.527                  39.5827          
    99.9901            2.36093          46.1447          61.2526                  39.8171          
     100.0             2.65277          42.7577          63.3418                  38.9459          
    99.9995            3.01745          40.8166          71.7634                  39.9878          
    99.9995            3.43413          39.8665          68.3461                  39.9957          
    99.9998            3.75507          37.2871          71.5722                  38.6113          
    99.9999            4.42669          39.3406          53.0135                  39.9935          
    99.9996            4.85543          38.5547          55.0002                  39.9958          
    99.7033            4.95394          38.2352          55.5428                  39.7895          
    99.3104            4.95716          31.3869          60.1331                  32.7088          

Residual of Shock Speed (m/s) | Driver Hold Time (ms)
           0.03619                   0.00094        
           112.337                   0.00129        
           356.847                   0.00169        
            537.24                    0.00212        
           687.751                   0.0025        
            807.56                    0.00295        
           899.713                   0.00349        
           1013.58                   0.00413        
           1040.98                   0.00475        
           1106.17                   0.00554        
           1155.27                   0.00574        
           1377.24                   0.00658        
