Simulation Type = ParentValue
alpha = 0.1time taken = 420.9245822429657
Number of individuals that produced no hold time = 14
Fixer Count = 67
****************************************************************************************************
INITIAL POPULATION:
Percent Helium |Driver Pressure (MPa) | p4 (MPa) | Throat Diameter (mm) | Reservoir Pressure (MPa)
    75.8268    |        4.0919        |  38.2101  |        84.0361        |          29.2693          
    76.3313    |        2.9273        |  29.1929  |        63.1591        |          13.9207          
    78.474    |        4.15431        |  33.4527  |        60.841        |          39.3638          
    88.3231    |        2.71216        |  22.71  |        82.2428        |          34.6158          
    73.5369    |        4.33698        |  22.3929  |        55.6239        |          19.1946          
    74.4233    |        3.70444        |  39.3189  |        56.3701        |          29.1455          
    97.8236    |        3.75827        |  37.8095  |        72.4325        |          18.5659          
    88.1299    |        1.35665        |  19.1334  |        80.7332        |          31.2997          
    95.9663    |        4.87173        |  30.4393  |        76.6548        |          16.9329          
    96.4605    |        1.39337        |  17.6888  |        79.8224        |          31.2639          
    95.2803    |        1.8979        |  31.9447  |        74.1171        |          19.58          
    74.9605    |        2.83197        |  39.9822  |        81.8442        |          35.5125          

Residual of Shock Speed (m/s) | Driver Hold Time (ms)
            4000.0                      0.0          
           2505.38                     0.0          
            2196.7                    0.00257        
           1934.57                   0.00381        
           2501.43                   0.00496        
            4000.0                      0.0          
            4000.0                      0.0          
            2007.9                    0.00074        
           1670.36                     0.0          
            4000.0                      0.0          
            4000.0                      0.0          
           2098.07                   0.00158        

****************************************************************************************************
FINAL POPULATION:
Percent Helium | Driver Pressure (MPa) | p4 (MPa) | Throat Diameter (mm) | Reservoir Pressure (MPa)
    99.5386            0.57121          18.0044          74.8303                  15.3942          
    96.047            1.39833          23.8838          82.6557                  29.5741          
    91.7547            1.57475          34.0287          76.5952                  30.765          
    92.2252            1.83205          32.3303          75.8568                  24.839          
    97.1897            1.75727          18.8153          81.1337                  16.503          
    89.4069            3.35394          28.084          83.6031                  28.5039          
    76.7966            4.93659          25.4888          58.7425                  27.071          
    96.9253            1.39696          30.3221          80.3977                  16.4806          
    93.4961            1.49701          25.7696          80.3729                  27.6387          
    97.5874            0.75651          12.3028          78.9162                  8.31667          
    93.8948            2.42185          20.6671          80.868                  21.7674          
    75.4325            4.65194          24.0191          55.6318                  22.7327          

Residual of Shock Speed (m/s) | Driver Hold Time (ms)
           1091.72                     0.0          
           1875.39                   0.00011        
           1467.56                   0.00148        
           1996.24                   0.00146        
           2178.92                   0.00098        
           2017.28                     0.0          
           2407.92                   0.00246        
           1571.39                   0.00242        
            4000.0                      0.0          
           1287.77                     0.0          
           2039.01                   0.0008        
            4000.0                      0.0          
