generation,ind_number,parent_idx,chosen,offspring_ind_number,sigma,hv_contribution,raw_pct_he,raw_driver_p,raw_p4,raw_d_throat,raw_reservoir_p,raw_buffer_length,scaled_pct_he,scaled_driver_p,scaled_p4,scaled_d_throat,scaled_reservoir_p,scaled_buffer_length,raw_delta_vs1,raw_hold_time,raw_impact_speed,scaled_delta_vs1,scaled_hold_time,scaled_impact_speed
88,0,0,False,,0.09560937391289764,,81.84922853292211,340702.02275986236,97206649.12629513,0.07956295390322606,4008565.210974306,0.08276609068045215,1.3949742844307371,1.1242064867896513,1.2301789976897397,1.8446558258064585,1.4788772024686365,1.3276609068045215,,,,,,
88,1,1,False,,0.14177722094985135,,96.07269417101315,256394.75271073097,-15971156.595756978,0.07235255288262474,2172092.5336195873,0.11567447184341963,1.8690898057004386,1.093380912839415,0.9345998102653017,1.6386443680749923,1.2473909399732723,1.6567447184341964,,,,,,
88,2,2,False,,0.14177402722656055,0.0,96.08058113760887,147957.68681096114,37313632.88042843,0.07690141457979568,5600904.87208831,0.14046228511339537,1.8693527045869622,1.0537326738216881,1.2020146448937856,1.7686118451370196,1.6944622771731706,1.9046228511339536,3585.0,0.0,350.0,,1.0,1.0
88,3,3,False,,0.17346751268552776,,103.92961588624894,506002.5453222725,155368814.17496195,0.0877544812409461,8598134.162576277,0.10702390056128319,2.130987196208298,1.1846459183984652,1.248664082691065,2.0786994640270313,2.0798151008448666,1.570239005612832,,,,,,
88,4,4,False,,0.17850105811955064,,77.20595028629764,325306.9663909341,10438654.857374663,0.080607358463158,8210125.136717805,0.08421534053225939,1.240198342876588,1.118577536305406,1.014854150838476,1.8744959560902283,2.0273789630148884,1.3421534053225939,,,,,,
88,5,5,False,,0.17283553637195254,0.0,89.63226924001285,165628.4825789453,2717027.0594076887,0.07399581822576043,5624823.803680495,0.12462707863021227,1.6544089746670947,1.0601937111840423,1.0015172887535135,1.685594806450298,1.6968261983698505,1.7462707863021227,3585.0,0.0,350.0,,1.0,1.0
88,6,6,False,,0.08171962258174927,,91.47236225824088,329291.1948632053,53873887.19497324,0.08209770189083951,2693274.466354592,0.1329910336035105,1.715745408608029,1.1200343042607088,1.1266873676156457,1.9170771968811284,1.3081831590202346,1.8299103360351052,,,,,,
88,7,7,False,,0.1235557289854912,,81.36789200706673,-199763.70373625105,-75222093.89339359,0.07491883756347435,3097975.577388756,0.09707695935205393,1.3789297335688908,0.9265940364047062,1.3077655484165485,1.7119667875278386,1.4021749162872073,1.4707695935205394,,,,,,
88,8,8,False,,0.17346751268552776,,99.85791169458678,-298211.8261351091,-69670256.89989063,0.0845445012272641,3148723.902805602,0.10850852851046204,1.9952637231528925,0.8905980911499329,1.1862286378836937,1.9869857493504028,1.4153829525157013,1.5850852851046204,,,,,,
88,9,9,False,,0.15396340950938234,,98.52286562641368,404295.06091375556,-63873479.34296317,0.08057382920171066,6815159.603880673,0.08454000112956998,1.9507621875471228,1.1474582407509721,0.8532263451697255,1.8735379771917329,1.8440117927669446,1.3454000112956999,,,,,,
88,10,10,False,,0.152707440057393,0.0,98.1606096466476,30875.02582523639,2440332.6701152413,0.07399096488814841,6707863.6060122615,0.05913103719799471,1.9386869882215865,1.010923314410541,1.0547776368481023,1.6854561396613827,1.8378571802832664,1.091310371979947,711.2716248060333,4.494000000000026e-05,8.142295,,0.991012,0.023263700000000002
88,11,11,False,,0.12375552680553357,,90.0826987663332,-199086.62703492914,-6875054.63467486,0.08220724026780278,4128975.148549109,0.11820031508178094,1.6694232922111065,0.926841598422957,1.0169326626711666,1.920206864794365,1.5278712096190175,1.6820031508178095,,,,,,
88,12,12,False,,0.09154505828833877,0.0,90.73337706587245,252971.14342538954,9043402.609416232,0.08365574520687896,6398773.144607538,0.11897266658439683,1.691112568862415,1.0921291261175758,1.0179664728723425,1.9615927201965415,1.7933108440620353,1.6897266658439682,3585.0,0.0,350.0,,1.0,1.0
88,13,13,False,,0.08091602541454775,,92.76237914415641,391367.9024810022,58678562.40604834,0.07276254645683303,5660417.980887502,0.10873634173202607,1.7587459714718803,1.1427316367700457,1.11506022447053,1.6503584701952292,1.6925095090515176,1.5873634173202607,,,,,,
88,14,14,False,,0.08649774358907975,,94.12369712719615,215411.79950480745,69900748.04389961,0.06155354857101125,5048086.423081324,0.053775726187518316,1.804123237573205,1.0783961665178694,1.2634996571289305,1.3301013877431784,1.6208002914359814,1.0377572618751831,,,,,,
88,15,15,False,,0.09977652794962316,,71.91228048093953,234485.91402425003,65104395.66335271,0.0790799780746479,7507565.0265057795,0.1431310725565341,1.0637426826979843,1.0853703044221297,1.2236608216669806,1.8308565164185113,1.936586944786625,1.931310725565341,,,,,,
88,16,16,False,,0.11699841693602063,,79.78221426464496,-13287.734409073424,1363202.016730787,0.08640446378107552,6218291.074626945,0.09315246571586222,1.326073808821499,0.9947759236735864,0.9003316262513752,2.0401275366021574,1.7776556908442969,1.4315246571586222,,,,,,
88,17,17,False,,0.09286411636938685,,94.08423495024621,354780.2793101859,2971874.0536716813,0.08373493934568954,6142568.352311209,0.09639142112796012,1.8028078316748737,1.1293539709642604,0.9946910832279694,1.9638554098768437,1.7570466624180687,1.4639142112796013,,,,,,
88,18,18,False,,0.14257497012466555,,87.09633130631052,280958.35319355794,-32722905.498620577,0.08825831526738917,7030724.968709585,0.10611316605270488,1.5698777102103505,1.102362191473229,0.8885308094656716,2.0930947219254046,1.8744306514149425,1.5611316605270489,,,,,,
88,19,19,False,,0.17578088823865154,,95.83994917467489,305760.5954523211,139570524.81558767,0.08676636284110403,5958241.998599844,0.12204725528713967,1.8613316391558297,1.1114307255680185,1.3757195547566754,2.0504675097458294,1.7346380981863685,1.7204725528713967,,,,,,
88,20,20,False,,0.08844079083775302,0.0,91.38887645172642,116576.32170128808,10427864.210788392,0.08057875351162778,7267690.140819891,0.09801169751146566,1.7129625483908808,1.0422585910968667,1.063631229969534,1.8736786717607938,1.9071076363438397,1.4801169751146566,217.31629285376403,8.114999999999858e-05,33.51746,,0.9837700000000003,0.09576417142857142
88,21,21,False,,0.12309474545356179,0.0,77.56778573548256,442560.3153276256,14488570.278244901,0.08013173364258908,3883448.3747184197,0.0696532199948735,1.2522595245160852,1.1614493049732149,1.0154063905176802,1.8609066755025447,1.455298117214145,1.196532199948735,3585.0,0.0,350.0,,1.0,1.0
88,22,22,False,,0.1557784747646703,,100.80216926635629,345970.1975294821,65022828.11764051,0.08692868742890322,5525844.7096179845,0.12231045438188308,2.02673897554521,1.1261327087020563,1.1473826219783847,2.0551053551115204,1.6767512860240728,1.7231045438188308,,,,,,
88,23,23,False,,0.07385512405522969,0.0,94.40857104960526,73481.9336894177,21309771.751998257,0.06018074699251498,6102446.852992907,0.06581967820526095,1.8136190349868417,1.0265018331835107,1.2341648025549228,1.2908784855004278,1.7606069738146306,1.1581967820526096,839.7787610620053,7.599000000000147e-05,53.00936,,0.9848019999999997,0.1514553142857143
