Simulation Type = ElitistCrossover
time taken = 13776.596046686172
Number of individuals that produced no hold time = 7
Fixer Count = 1015
****************************************************************************************************
INITIAL POPULATION:
Percent Helium |Driver Pressure (MPa) | p4 (MPa) | Throat Diameter (mm) | Reservoir Pressure (MPa)
      88.2      |        3.567        |  19.86  |        64.66        |          5.547          
     77.88     |        3.352        |  22.29  |         77.9         |          18.48          
     88.78     |        3.251        |  23.65  |        55.09        |          6.622          
     92.49     |        1.838        |  27.65  |        80.97        |          36.54          
     83.25     |        2.265        |  24.68  |        63.07        |           30.6           
     79.82     |        2.806        |  35.97  |        74.92        |          19.22          
     82.62     |        1.558        |  35.57  |        51.45        |          6.626          
     74.85     |        2.421        |  29.56  |         74.8         |           26.5           
     79.16     |        4.831        |  35.64  |        64.52        |          25.46          
     90.78     |        1.512        |  29.77  |        65.25        |          9.251          
     73.73     |        0.423        |  16.93  |        57.05        |          11.65          
     83.55     |        3.535        |  21.37  |         80.1         |          15.44          

Residual of Shock Speed (m/s) | Driver Hold Time (ms)
            290.6                      0.000000          
            429.9                      0.000000          
            38.52                      0.000000          
            859.7                    0.002000        
            31.86                    0.002000        
            52.31                      0.000000          
            151.1                      0.000000          
            369.9                    0.002000        
            145.5                      0.000000          
            751.2                      0.000000          
            24.72                      0.000000          
            339.7                      0.000000          

****************************************************************************************************
FINAL POPULATION:
Percent Helium | Driver Pressure (MPa) | p4 (MPa) | Throat Diameter (mm) | Reservoir Pressure (MPa)
     86.95              4.999           34.01          65.34                  35.14          
     86.95              4.999           34.01          65.34                  35.14          
     94.69              2.804           14.02          82.14                  13.83          
     79.36              4.182           20.95          76.95                  21.01          
     78.34              4.281           21.43           76.6                   21.54          
     77.37              4.382           21.92          76.37                   22.1           
     77.32              4.385           21.93          76.38                  22.15          
     77.25              4.389           21.95          76.31                  22.16          
      77.2               4.401            22.0           76.29                   22.2           
     77.01              4.416           22.09          76.24                  22.28          
     77.02              4.417           22.08          76.23                  22.27          
     75.84              4.511           22.56          75.83                  22.81          

Residual of Shock Speed (m/s) | Driver Hold Time (ms)
             0.0                     0.006000        
            0.001                    0.006000        
            195.4                      0.000000          
            437.2                    0.007000        
            468.8                    0.007000        
            467.6                    0.007000        
            468.1                    0.007000        
            472.5                    0.007000        
            473.0                    0.007000        
            473.3                    0.007000        
            475.2                    0.007000        
            496.2                    0.007000        
