Simulation Type = Resampling_AL
step size = 0.1
pop size = 24
p4 treatment = None
time taken = 139997.2272977829
Number of generations = 500
Current Time = 2026-07-20 05:43:17
Number of individuals that produced no hold time = 14
Fixer Count = 0
****************************************************************************************************
INITIAL POPULATION:
Percent Helium |Driver Pressure (MPa) | p4 (MPa) | Throat Diameter (mm) | Reservoir Pressure (MPa) | Buffer Length (mm)
    90.0015    |        0.09064          8.44334  |        51.7682        |          1.91094                62.9255      
    80.4416    |        0.05755          11.1911  |        61.8052        |          2.44838                86.5123      
    74.7647    |        0.1314          24.9495  |        67.8291        |          7.61231                58.2791      
    81.8415    |        0.22339          6.62319  |        80.9475        |          6.98056                 115.27       
    99.9201    |        0.15112          15.6342  |        56.7325        |          6.68956                78.8485      
    91.3114    |        0.51834          8.72987  |        83.6823        |          5.97556                80.4673      
    73.0828    |        0.09743          18.4396  |        82.7617        |          4.35931                112.474      
    97.4189    |        0.04541          5.02369  |        74.7583        |          7.93525                138.868      
    79.3393    |        0.16593          3.16423  |        78.7709        |          3.2767                146.537      
    99.4194    |        0.25104          8.45414  |        78.4175        |          5.65006                54.2149      
    71.0237    |        0.28184          14.9132  |        70.4292        |          6.24299                96.3442      
    84.6128    |        0.70291          12.5959  |        80.2521        |          7.61546                90.7399      
    85.5023    |        0.11523          12.1963  |        76.5414        |          7.20338                69.6099      
    73.9854    |        0.02197          9.9488  |        72.5966        |          3.96218                65.0652      
    88.7533    |        0.06135          36.7445  |        55.9825        |          5.76425                57.3091      
    88.0565    |        0.32082          10.3809  |        82.6962        |          7.58975                102.269      
    74.2222    |        0.08801          31.5704  |        79.2087        |          5.30025                79.5039      
    95.2761    |        0.05492          26.0603  |        69.5624        |          6.98371                71.8411      
    76.2704    |        0.39119          16.5256  |        83.7494        |          6.18416                84.3243      
    98.5931    |        0.10903          2.85159  |        64.0765        |          4.50212                59.1496      
    70.0337    |        0.07788          16.4455  |        58.2392        |          7.79501                91.8001      
    72.6814    |        0.14086          7.17013  |        75.2135        |          6.58117                125.526      
    80.6957    |        0.2355          28.5488  |        79.5787        |          7.90459                95.1148      
    96.8755    |        0.0034          1.28248  |        81.0165        |          5.19428                123.912      

Driver Hold Time (ms) | Piston Impact Speed (m/s)
0.0  350.0
0.33  24.0119
0.0  350.0
0.04  37.3999
0.12000000000000001  41.6344
0.0  350.0
0.0  350.0
0.09000000000000001  9.76505
0.25999999999999995  30.6383
0.0  350.0
0.0  350.0
0.0  350.0
0.0  350.0
0.060000000000000005  26.511
0.0  350.0
0.0  350.0
0.66  31.7199
0.08  41.8017
0.0  350.0
0.11  14.7923
0.0  350.0
0.0  350.0
0.0  350.0
0.2  257.301

****************************************************************************************************
FINAL POPULATION:
Percent Helium | Driver Pressure (MPa) | p4 (MPa) | Throat Diameter (mm) | Reservoir Pressure (MPa) | Buffer length (mm)
    99.2495    |        0.22144          12.9774  |        78.7387        |          7.31764                99.0311      
    99.1805    |        0.22072          13.0287  |        78.7608        |          7.31106                99.2369      
    99.1013    |        0.2188          13.1845  |        78.6993        |          7.32402                99.6703      
    98.9871    |        0.21578          13.3897  |        78.9612        |          7.3303                99.8692      
    98.8953    |        0.21576          13.4953  |        78.9664        |          7.33465                99.9021      
    97.5792    |        0.19552          13.0741  |        84.4309        |          6.64363                91.7013      
    97.517    |        0.19526          13.2357  |        84.3984        |          6.63467                91.8828      
    97.4961    |        0.19535          13.3883  |        84.3681        |          6.64838                92.1336      
    93.6142    |        0.17368          16.1644  |        81.9517        |          6.71718                 88.103       
    93.528    |        0.17162          16.2967  |        81.8542        |          6.71991                88.0196      
    93.5116    |        0.16347          16.9913  |        81.2798        |          6.80162                 87.831       
    93.4655    |        0.16174          17.1841  |        81.1207        |          6.82061                88.0379      
    93.3246    |        0.15853          17.3617  |        81.3209        |          6.80406                88.9558      
    93.2609    |        0.1575          17.5501  |        81.2402        |          6.83077                 88.929       
    92.735    |        0.1553          17.9564  |        81.1147        |          6.81665                88.4107      
    92.5762    |        0.1544          18.1882  |        80.9875        |          6.82602                88.3272      
    92.4197    |        0.15151          18.4747  |        81.008        |          6.83896                88.2159      
    92.1842    |        0.15037          19.3328  |        80.7433        |          7.00277                88.3661      
    92.2443    |        0.14985          19.6371  |        80.1759        |          7.06057                87.9761      
    91.8577    |        0.1483          20.113  |        79.9321        |          7.06188                87.6164      
    91.8504    |        0.14803          20.0248  |        79.9284        |          7.06468                87.5822      
    91.8601    |        0.1475          19.9564  |        79.934        |          7.06071                87.5951      
    92.3379    |        0.14693          19.2039  |        80.3086        |          7.05523                88.2312      
    96.1772    |        0.16639          13.6108  |        83.059        |          6.78344                 89.836       

Driver Hold Time (ms) | Piston Impact Speed (m/s)
1.96  33.8912
1.95  33.5754
1.9300000000000002  33.032
1.89  32.4611
1.8699999999999999  32.1436
1.79  31.7539
1.75  31.3947
1.72  31.2328
0.76  26.5388
1.5299999999999998  25.4235
1.47  19.6888
1.46  18.7437
1.4300000000000002  17.2596
1.42  16.9006
1.39  15.6807
1.3699999999999999  15.2816
1.35  14.3088
1.3  12.7946
0.74  12.2801
1.25  11.7174
0.5900000000000001  11.3268
0.58  11.1205
0.57  16.3635
0.51  0.66915
