Simulation Type = Penalty
alpha = 10000.0time taken = 6768.339774131775
Number of individuals that produced no hold time = 8
Fixer Count = 0
****************************************************************************************************
INITIAL POPULATION:
Percent Helium |Driver Pressure (MPa) | p4 (MPa) | Throat Diameter (mm) | Reservoir Pressure (MPa)
     85.41     |        2.326        |  32.72  |        76.32        |          13.92          
     96.92     |        3.564        |  29.99  |        57.38        |          15.65          
     75.52     |        3.533        |  22.07  |         71.4         |          29.83          
     97.22     |        4.056        |  29.98  |        71.42        |           34.2           
     93.14     |        3.505        |  24.44  |        69.22        |          18.61          
     88.23     |         2.62         |  34.04  |        77.81        |          35.82          
     87.83     |        3.119        |  16.24  |        53.26        |          7.557          
     90.85     |        1.095        |  17.16  |        72.42        |           4.82           
     91.86     |        1.371        |  7.798  |        84.93        |          4.315          
     87.44     |        1.614        |  25.05  |        64.61        |          36.97          
     77.27     |         1.59         |  23.08  |        67.19        |          13.48          
      82.1      |        4.674        |  32.54  |        54.87        |          23.86          

Residual of Shock Speed (m/s) | Driver Hold Time (ms)
            293.2                      0.0          
            430.6                      0.0          
            85.25                      0.0          
            754.5                    0.004        
            404.0                      0.0          
            445.2                      0.0          
            41.36                      0.0          
            272.2                      0.0          
            179.5                      0.0          
            39.45                    0.001        
            47.92                      0.0          
            163.4                      0.0          

****************************************************************************************************
FINAL POPULATION:
Percent Helium | Driver Pressure (MPa) | p4 (MPa) | Throat Diameter (mm) | Reservoir Pressure (MPa)
     89.85              6.103           31.62          75.05                  32.36          
     90.03              6.206           31.54          74.06                  32.19          
     90.17              6.163           31.11          73.76                  31.71          
     90.14              6.193            31.2           73.71                  31.78          
     90.14               6.26            31.39          73.64                  32.02          
     90.06              6.189           31.02           73.7                    31.6           
      90.0               6.189           31.01          73.63                  31.61          
     89.81              6.178            31.0           73.73                   31.6           
     89.78               6.2            31.03          73.73                  31.65          
     89.68              6.203           31.12          73.64                  31.81          
     89.62              6.203           31.15          73.67                   31.8           
     90.02              6.206           31.55          74.05                  32.19          

Residual of Shock Speed (m/s) | Driver Hold Time (ms)
            0.007                    0.033        
            0.097                    0.034        
            5.809                    0.001        
            0.888                    0.011        
            4.276                    0.001        
            17.52                    0.001        
            0.926                    0.031        
            23.86                    0.001        
            5.807                    0.002        
            20.69                    0.002        
            21.11                     0.01         
            0.232                    0.034        
