Simulation Type = Penalty
alpha = 1time taken = 18969.38068127632
Number of individuals that produced no hold time = 4
Fixer Count = 0
****************************************************************************************************
INITIAL POPULATION:
Percent Helium |Driver Pressure (MPa) | p4 (MPa) | Throat Diameter (mm) | Reservoir Pressure (MPa)
     71.68     |        2.645        |  31.85  |        50.79        |          13.54          
     77.34     |        2.646        |  34.55  |        72.82        |          29.33          
     81.95     |        4.763        |  34.29  |        70.51        |          34.79          
     95.59     |        0.086        |  2.473  |        68.32        |          5.918          
     80.75     |        1.582        |  17.13  |        58.99        |          35.72          
     82.59     |        1.681        |  15.36  |        71.07        |          35.44          
     76.31     |        2.961        |  34.86  |        53.28        |          11.55          
     91.83     |        0.957        |  21.74  |        74.68        |          9.335          
     84.16     |        3.061        |  20.59  |        69.91        |          13.27          
     78.65     |        0.678        |  3.624  |        83.62        |          11.57          
      90.9      |        4.296        |   21.9   |        57.66        |          26.93          
     92.64     |        1.859        |  11.51  |        56.58        |          39.08          

Residual of Shock Speed (m/s) | Driver Hold Time (ms)
            426.5                      0.0          
            3.884                      0.0          
            5.725                      0.0          
            334.8                    0.001        
            150.1                    0.001        
            333.0                    0.001        
            17.84                      0.0          
            443.7                      0.0          
            394.4                    0.005        
            643.9                    0.001        
            324.5                      0.0          
            154.1                    0.001        

****************************************************************************************************
FINAL POPULATION:
Percent Helium | Driver Pressure (MPa) | p4 (MPa) | Throat Diameter (mm) | Reservoir Pressure (MPa)
     88.08              5.726           34.36          69.75                  36.51          
     88.08              5.726           34.36          69.75                  36.51          
     88.08              5.726           34.36          69.75                  36.51          
     89.82              6.721           33.61          66.47                  34.25          
     89.82              6.721           33.61          66.47                  34.25          
     90.03              6.463           32.32          65.56                  32.71          
     90.03              6.463           32.32          65.55                  32.71          
     90.03              6.466           32.33          65.55                  32.71          
     90.03              6.465           32.33          65.55                  32.71          
     90.02               6.47            32.35          65.55                  32.73          
     90.02              6.466           32.34          65.55                  32.71          
     90.02               6.47            32.35          65.55                  32.73          

Residual of Shock Speed (m/s) | Driver Hold Time (ms)
             0.0                     0.008        
             0.0                     0.008        
             0.0                     0.008        
             0.0                     0.008        
             0.0                     0.043        
             0.0                     0.043        
             0.0                     0.044        
            0.052                    0.044        
            0.012                    0.044        
            0.251                    0.044        
            0.44                    0.044        
            0.439                    0.044        
