Simulation Type = RandomCrossover
time taken = 20257.046161413193
Number of individuals that produced no hold time = 11
Fixer Count = 4601
****************************************************************************************************
INITIAL POPULATION:
Percent Helium |Driver Pressure (MPa) | p4 (MPa) | Throat Diameter (mm) | Reservoir Pressure (MPa)
     86.33     |        3.971        |  39.67  |        67.87        |           34.0           
     87.24     |        1.217        |  10.89  |        57.63        |          27.59          
     77.98     |          1.3          |  12.93  |         80.7         |          37.78          
     85.27     |        0.971        |  8.178  |        57.22        |          3.264          
     75.59     |        2.577        |  21.38  |        65.77        |          13.38          
     98.41     |        1.445        |  15.08  |        84.92        |           37.7           
     70.29     |        4.041        |  22.17  |        79.55        |          26.17          
     94.49     |        3.722        |  24.03  |        56.97        |           27.9           
     87.85     |        3.276        |  30.41  |        81.19        |          16.76          
      95.3      |        1.927        |   10.9   |        83.72        |          17.48          
     80.76     |         2.63         |  38.62  |        67.31        |          23.65          
     88.16     |        2.855        |  14.83  |        50.69        |          31.54          
     80.47     |        4.516        |  28.14  |        81.64        |          13.75          
     74.23     |         3.39         |  34.11  |        80.07        |           17.2           
     75.62     |        2.389        |  38.67  |        65.88        |          22.02          
     92.58     |        2.621        |   28.9   |        75.87        |          13.94          
     71.56     |        2.894        |  16.55  |        83.84        |          26.12          
      98.6      |        4.475        |   35.7   |        81.04        |          15.85          
     72.87     |        0.508        |  23.11  |        84.15        |          19.76          
     75.52     |        4.202        |  28.16  |        53.17        |          23.88          
     97.89     |        2.628        |  18.52  |        57.77        |          19.98          
     76.12     |        1.304        |  31.38  |         62.3         |          27.25          
     80.13     |        2.046        |  33.88  |        79.42        |          30.22          
     80.74     |        2.242        |  25.54  |        55.49        |          25.71          

Residual of Shock Speed (m/s) | Driver Hold Time (ms)
            422.3                      0.000000          
            207.2                    0.001000        
            432.5                      0.000000          
            295.8                      0.000000          
            23.48                      0.000000          
            193.0                    0.001000        
            587.0                    0.003000        
            297.5                    0.005000        
            180.6                    0.004000        
            421.3                    0.003000        
            38.02                      0.000000          
            175.3                    0.003000        
            314.6                      0.000000          
            144.7                      0.000000          
            394.5                    0.002000        
            555.8                      0.000000          
            168.9                    0.002000        
            937.4                      0.000000          
            77.99                      0.000000          
            336.3                      0.000000          
            841.6                      0.000000          
            65.88                    0.001000        
            183.7                    0.002000        
            191.6                    0.002000        

****************************************************************************************************
FINAL POPULATION:
Percent Helium | Driver Pressure (MPa) | p4 (MPa) | Throat Diameter (mm) | Reservoir Pressure (MPa)
     88.17               4.9            31.07           60.7                   31.79          
     91.35              4.974           25.12          83.93                  27.05          
     91.43              4.978           24.98          83.98                  26.84          
     91.46              4.999           24.99           84.7                   26.89          
     91.46              4.999           24.99          84.71                   26.9           
     91.46              4.999            25.0           84.67                   26.9           
     91.47              4.999            25.0           84.82                  26.91          
     91.48               5.0             25.0           84.78                  26.92          
     91.52              4.999            25.0           84.79                  26.92          
     91.54              4.997            25.0           84.99                  26.94          
     91.56              4.999           25.01           85.0                   26.96          
     91.57              4.999            25.0           84.98                  26.93          
     91.57              4.999            25.0           84.98                  26.93          
     91.57              4.999            25.0           84.98                  26.93          
     91.71              4.996           24.98           84.9                   26.92          
     91.72              4.997           24.99          84.92                  26.93          
     91.72              4.997           24.99          84.92                  26.93          
     91.73              4.997           24.98          84.98                  26.93          
     91.74              4.998           24.99          84.98                  26.93          
     91.74              4.999           24.99          84.97                  26.94          
     91.77              4.998           24.99          84.98                  26.94          
     91.77              4.999            25.0           84.99                  26.95          
     91.78               5.0             25.0           84.99                  26.96          
     91.79              4.999            25.0            85.0                   26.95          

Residual of Shock Speed (m/s) | Driver Hold Time (ms)
             0.0                     0.006000        
            0.003                    0.008000        
            0.007                    0.008000        
            0.097                    0.008000        
            2.056                    0.008000        
            0.201                    0.008000        
            0.758                    0.009000        
            1.402                    0.008000        
            2.71                    0.008000        
            4.161                    0.009000        
            5.031                    0.009000        
            7.36                    0.008000        
            5.235                    0.009000        
            5.294                    0.009000        
            11.58                    0.008000        
            11.44                    0.009000        
            13.65                    0.008000        
            14.28                    0.008000        
            13.11                    0.009000        
            14.19                    0.009000        
            14.32                    0.009000        
            14.58                    0.009000        
            14.99                    0.009000        
            14.97                    0.009000        
