Simulation Type = Penalty
time taken = 8894.917976617813
Number of individuals that produced no hold time = 4
Fixer Count = 0
************************************************************
INITIAL POPULATION:
[1.7226433182578376, 1.1236591984928648, 1.3492740516400799, 1.3731477600890558, 1.0711916961682681]
(914.9467360695548, 0.0)
[1.5570455668769754, 1.1412029080126764, 1.5424184063271866, 1.9477832298592834, 1.5239662587906173]
(769.6236135937638, 0.0012217994466317272)
[1.2313110353373689, 1.6900095443977112, 1.0511039893304044, 1.0099421651917988, 1.9186443837759397]
(127.15321818150369, 0.0033903816326655706)
[1.7910642151362461, 1.132160217206462, 1.0446071952272897, 1.2474381740954104, 1.4296972285139162]
(87.97109593916912, 0.0003960317547402753)
[1.2043918237495415, 1.6764696514913209, 1.0931007473776115, 1.406836375976113, 1.6384695306204753]
(112.34296823430986, 0.0)
[1.9997073650640238, 1.1314234327775017, 1.333930028688065, 1.2220666777891454, 1.9212181058540585]
(1079.1376536268258, 0.00021941049683268932)
[1.427449059800712, 1.7894422023809022, 1.0785785751757193, 1.9745021763527464, 1.926838875048558]
(268.5146629705978, 0.0)
[1.4582974693271662, 1.8125051337096405, 1.0552198725070985, 1.4255463725491173, 1.6718684021294323]
(305.25649493815945, 0.0)
[1.700382306056493, 1.8162199048965084, 1.0490312071423196, 1.7768918841403774, 1.8697848831719988]
(103.1665561924101, 0.0027994027548543313)
[1.0783529696642764, 1.0012601324500312, 1.02194777859008, 1.995710382315304, 1.3966631815458843]
(1071.524424511869, 8.255791092023207e-05)
[1.3652125909273314, 1.9896101925175493, 1.0271534329969514, 1.9306149603099811, 1.7908115238122275]
(256.98318876792564, 0.0054857118791117945)
[1.5215761200193327, 1.951688857615693, 1.0372172500687136, 1.707193029858356, 1.0950294862441883]
(6.236870576258298, 0.0)
************************************************************
FINAL POPULATION:
[1.615631896917939, 2.4270358045860245, 0.9943210008751119, 1.4942664438623916, 1.9947771050998588]
(0.004124696909912018, 0.03144765060739381)
[1.6149081598134258, 2.427760831485767, 0.9942079414030996, 1.4925289451419677, 1.9951446030861006]
(0.0728058487279668, 0.03701640134890703)
[1.6131256542403385, 2.4356220547586056, 0.9943256715768002, 1.4776501462459237, 1.9997319389261983]
(1.7077583314512594, 0.03732034938037027)
[1.6134599950264144, 2.441098882014306, 0.994511008944532, 1.4706188399864986, 2.0017393381664994]
(1.4507271146112544, 0.03170736313837657)
[1.6126540940860052, 2.441489300595582, 0.9945438697535849, 1.4703493184223588, 2.001628764761276]
(2.8629029950616314, 0.03170948404406086)
[1.6099717389032857, 2.4429635266760017, 0.9946783021863377, 1.469400120133938, 2.000575778204129]
(6.867471651483356, 0.031753905301412734)
[1.6092093416956341, 2.4460584278355793, 0.9947457027067659, 1.4632778357764504, 2.002149616664538]
(8.374812766525793, 0.03182211876911743)
[1.6091765355566368, 2.447018266362253, 0.9948259878476627, 1.4621468653477683, 2.0023971025428504]
(8.342786604982393, 0.03184372291740365)
[1.6061846090553875, 2.449548760076733, 0.9949293898749633, 1.4582950104817727, 2.0018333306395286]
(12.183077335798316, 0.03194440893624227)
[1.606410946262963, 2.4595181049926347, 0.9953094701550843, 1.4450364620860834, 2.005176095886097]
(13.103769912532243, 0.032186321516708825)
[1.606290408158297, 2.4622256909254463, 0.9954246016550744, 1.4414074367290644, 2.0060620861198717]
(13.672012925739637, 0.03214745556492454)
[1.6057791517969002, 2.4634230280599776, 0.9954745008423178, 1.4393247994023242, 2.0061874424733466]
(14.480110042319211, 0.03216809985411229)
