Simulation Type = Penalty
alpha = 0.0001time taken = 6498.208510160446
Number of individuals that produced no hold time = 6
Fixer Count = 0
****************************************************************************************************
INITIAL POPULATION:
Percent Helium |Driver Pressure (MPa) | p4 (MPa) | Throat Diameter (mm) | Reservoir Pressure (MPa)
     86.73     |        4.467        |  36.27  |        73.31        |          15.63          
     94.62     |        1.216        |  33.98  |        50.64        |          17.22          
      93.8      |         2.69         |  24.16  |        69.29        |          35.55          
     89.41     |        3.292        |  33.19  |        61.39        |          25.49          
     92.33     |        3.906        |  36.23  |        80.43        |          14.96          
     88.97     |        3.198        |  32.96  |        62.61        |          29.21          
     99.55     |        0.877        |  35.61  |        63.51        |          13.38          
     84.79     |        0.054        |  2.652  |        74.87        |          3.019          
      85.0      |        1.516        |  15.25  |        78.71        |          6.499          
      88.2      |        3.287        |  38.47  |        57.43        |          24.49          
     76.07     |        0.435        |    5.6    |        54.54        |          22.23          
     73.08     |        1.684        |  9.698  |        77.86        |          27.86          

Residual of Shock Speed (m/s) | Driver Hold Time (ms)
            50.5                      0.0          
            976.2                      0.0          
            264.2                    0.003        
            298.0                      0.0          
            229.4                      0.0          
            207.4                    0.002        
            2008.0                      0.0          
            489.8                    0.001        
            104.4                      0.0          
            207.6                      0.0          
            374.1                    0.001        
            655.6                    0.001        

****************************************************************************************************
FINAL POPULATION:
Percent Helium | Driver Pressure (MPa) | p4 (MPa) | Throat Diameter (mm) | Reservoir Pressure (MPa)
     90.13              6.353           31.77          51.56                  32.82          
     90.13              6.353           31.77          51.56                  32.82          
     90.13              6.353           31.77          51.56                  32.82          
     90.13              6.353           31.77          51.56                  32.82          
     89.27              7.106           36.16          57.01                  36.69          
     89.21              6.877           35.58          54.05                  35.82          
     89.21              6.876           35.58          54.05                  35.81          
     89.21              6.876           35.59          54.05                  35.81          
     88.99              6.927           36.28          52.79                  36.51          
     89.02              6.908           36.24          52.67                  36.46          
     89.05              6.909           36.31          52.56                  36.51          
     89.02              6.906           36.24           52.7                   36.44          

Residual of Shock Speed (m/s) | Driver Hold Time (ms)
            0.008                    0.009        
            0.003                    0.009        
            0.002                    0.009        
            0.006                    0.009        
            0.372                    0.058        
            0.006                    0.064        
            0.033                    0.064        
            2.763                    0.001        
            3.631                    0.067        
            0.274                    0.064        
            0.496                    0.009        
            2.599                    0.002        
