Simulation Type = Penalty
alpha = 1e-05time taken = 11725.783873319626
Number of individuals that produced no hold time = 9
Fixer Count = 0
****************************************************************************************************
INITIAL POPULATION:
Percent Helium |Driver Pressure (MPa) | p4 (MPa) | Throat Diameter (mm) | Reservoir Pressure (MPa)
     70.74     |        2.833        |  27.94  |        72.58        |          6.563          
     86.72     |        3.228        |  32.41  |        72.09        |          21.82          
     99.55     |         3.35         |  25.21  |        83.65        |          36.28          
     91.14     |        2.504        |  28.53  |        71.04        |          10.48          
     79.24     |        3.091        |  31.35  |        82.85        |          10.09          
     72.62     |         3.58         |  28.36  |        66.37        |          22.74          
     77.73     |        0.958        |  24.19  |         84.4         |          1.657          
     82.98     |        2.797        |  37.44  |        50.84        |          4.729          
     82.61     |        1.025        |  11.36  |        58.14        |          3.826          
     85.07     |        2.002        |  11.93  |        59.69        |          31.84          
      79.5      |         3.14         |  23.28  |        80.67        |          10.55          
     74.68     |        4.447        |  36.03  |        66.08        |          37.98          

Residual of Shock Speed (m/s) | Driver Hold Time (ms)
            502.7                      0.0          
            212.3                      0.0          
            1051.0                    0.003        
            139.3                      0.0          
            374.4                      0.0          
            184.9                      0.0          
            68.49                      0.0          
            35.33                      0.0          
            370.6                      0.0          
            271.9                    0.001        
            57.36                      0.0          
            174.2                      0.0          

****************************************************************************************************
FINAL POPULATION:
Percent Helium | Driver Pressure (MPa) | p4 (MPa) | Throat Diameter (mm) | Reservoir Pressure (MPa)
     89.85              6.139           31.73          74.96                  32.37          
     90.13              6.211           31.33          72.55                  31.91          
     88.91              6.243           31.22          73.51                  31.75          
     87.95              6.219           31.19          73.81                  31.72          
     87.57              6.231           31.17          73.81                  31.68          
     86.92              6.277           31.42          73.72                  31.92          
     86.36               6.29            31.48          73.53                  31.96          
     85.56               6.33            31.68          73.39                  32.21          
     85.06              6.351           31.81           73.3                   32.29          
     84.59              6.368           31.88          73.16                  32.34          
     83.97              6.364           31.93          72.97                  32.41          
     83.12              6.396            32.1           72.78                  32.56          

Residual of Shock Speed (m/s) | Driver Hold Time (ms)
            0.001                    0.033        
            0.466                    0.002        
            56.32                    0.002        
            91.39                    0.036        
            105.4                    0.035        
            123.9                    0.001        
            147.1                    0.038        
            166.4                    0.001        
            203.0                     0.04         
            200.0                      0.0          
            210.4                     0.04         
            207.0                    0.001        
