Simulation Type = ParentValue
step size = 0.005
pop size = 36
p4 treatment = hard_bounds_on_p4
time taken = 51301.81471180916
Number of generations = 400
Current Time = 2025-07-08 23:00:05
Number of individuals that produced no hold time = 68
Fixer Count = 16434
****************************************************************************************************
INITIAL POPULATION:
Percent Helium |Driver Pressure (MPa) | p4 (MPa) | Throat Diameter (mm) | Reservoir Pressure (MPa)
    99.7778    |        0.69591        |  16.1777  |        62.2134        |          1.38229          
    89.2758    |        0.35142        |  25.3505  |        69.1942        |          6.44527          
    89.3029    |        1.63201        |  26.7032  |        66.7235        |          5.43564          
    83.5726    |        1.35104        |  37.3377  |        52.8432        |          7.59388          
    75.9434    |        0.46945        |  25.7924  |        52.2082        |          5.67601          
    72.0287    |        1.4964        |  23.0342  |        63.3176        |          4.15748          
    95.3889    |        1.33961        |  29.7529  |        63.7514        |          2.01565          
    99.1423    |        2.7179        |  39.9803  |        73.9163        |          6.73408          
    85.6203    |        2.03923        |  30.9568  |        68.0746        |          3.85098          
    82.2758    |        0.67876        |  17.1105  |        78.2165        |          5.34582          
    85.7565    |        2.37725        |  36.5779  |        63.7676        |          4.12625          
    93.9758    |        2.71311        |  39.9853  |        52.7521        |          4.57551          
    92.5665    |        0.46766        |  30.4484  |        61.22        |          5.83831          
    94.1673    |        2.19997        |  35.7535  |        52.0902        |          3.05503          
    87.8413    |        1.24245        |  28.5689  |        75.1756        |          5.12795          
    96.5822    |        2.02652        |  39.2289  |        84.8639        |          4.08258          
    86.0764    |        1.44897        |  30.4669  |        72.1878        |          5.78108          
    80.0348    |        1.69802        |  26.3368  |        82.6356        |          3.60788          
    97.0454    |        0.94788        |  38.2577  |        84.6798        |          4.14923          
    70.2252    |        0.51166        |  16.1366  |        71.0396        |          2.40695          
    83.9911    |        1.40264        |  29.9752  |        59.6691        |          7.75963          
    90.0682    |        0.33107        |  13.2518  |        61.4273        |          2.61599          
    82.4872    |        1.20655        |  21.5145  |        73.306        |          5.80273          
    79.2523    |        1.76814        |  39.4598  |        62.2134        |          7.86159          
    92.3187    |        0.34063        |  11.7999  |        74.8385        |          1.78363          
    74.9401    |        0.28559        |  9.85651  |        68.9791        |          6.15888          
    81.7141    |        1.11616        |  33.0882  |        83.1896        |          6.16734          
    72.8911    |        1.51711        |  32.9126  |        61.7532        |          7.2114          
    92.3726    |        0.56309        |  20.1719  |        72.4375        |          3.39324          
    93.1267    |        0.60528        |  13.5914  |        63.9835        |          3.13326          
    70.6822    |        1.16721        |  20.9495  |        52.8003        |          2.20205          
    74.1789    |        0.49439        |  19.8074  |        83.2915        |          3.31412          
    74.4767    |        0.52142        |  33.7922  |        53.3965        |          5.59196          
    83.5665    |        1.89464        |  31.3389  |        84.6343        |          2.67963          
    80.8792    |        2.41947        |  37.1944  |        83.4862        |          3.03749          
    77.8198    |        1.62329        |  28.2143  |        56.8204        |          5.01185          

Residual of Shock Speed (m/s) | Driver Hold Time (ms)
           1336.84                     0.0          
           1076.72                   0.00088        
           1533.27                     0.0          
            1723.6                      0.0          
           1697.21                     0.0          
           2265.02                     0.0          
           946.125                     0.0          
           883.463                     0.0          
           1719.48                     0.0          
           1743.61                     0.0          
           1746.21                     0.0          
           1321.25                     0.0          
           705.651                     0.0          
           1238.85                     0.0          
           1494.66                     0.0          
           990.075                     0.0          
           1516.08                     0.0          
           2034.29                     0.0          
           697.937                     0.0          
           2216.62                     0.0          
           1708.96                     0.0          
           1503.34                     0.0          
            1933.2                      0.0          
           1865.52                     0.0          
           1716.74                     0.0          
           2380.36                   0.00095        
           1558.28                     0.0          
           2190.22                     0.0          
            1320.1                      0.0          
           1753.94                     0.0          
           2358.77                     0.0          
           1855.79                     0.0          
           1540.23                     0.0          
           1771.43                     0.0          
           1912.41                     0.0          
           1934.57                     0.0          

****************************************************************************************************
FINAL POPULATION:
Percent Helium | Driver Pressure (MPa) | p4 (MPa) | Throat Diameter (mm) | Reservoir Pressure (MPa)
    99.9417            0.34982          29.8733          51.9577                  7.95082          
    99.9986            0.36836          29.0959          52.211                  7.97743          
    99.9986            0.38091          27.826          52.049                  7.95765          
    99.9838            0.41174          26.4046          51.8067                  7.94485          
    99.9752            0.4236          25.3687          51.8547                  7.92728          
    99.9996            0.43484          24.4762          51.9531                  7.93919          
    99.9824            0.46133          23.8336          52.1408                  7.99975          
    99.9904            0.48175          23.0813          52.1231                  7.97267          
    99.9995            0.49109          22.3437          50.7755                  7.87564          
    99.9847            0.49917          21.6933          50.8145                  7.88148          
    99.9478            0.5234          21.2228          50.7157                  7.84399          
    99.9961            0.50358          19.9125          50.1117                  7.35884          
    99.9743            0.51631          19.341          50.9484                  7.30502          
    99.9964            0.54295          18.8619          50.6441                  7.31987          
    99.9973            0.60407          18.5711          53.1425                  7.90377          
    99.9918            0.63977          17.9928          53.6787                  7.91456          
    99.9816            0.63667          17.1105          54.2836                  7.73035          
    99.9623            0.69451          16.9823          53.5909                  7.92707          
    99.9965            0.70581          16.4887          53.2892                  7.80825          
    99.9964            0.72563          16.0621          53.4296                  7.80554          
    99.953             0.734           15.5226          53.6388                  7.76435          
    99.949            0.79826          15.2602          50.5462                  7.72059          
    99.9479            0.81085          14.9446          50.5119                  7.72781          
    99.9992            0.87032          14.6286          53.1387                  7.97333          
    99.9956            0.91314          14.2395          52.9925                  7.996          
    99.9954            0.94237          13.8766          52.7169                  7.99304          
    99.9227            0.9027          13.227          55.2178                  7.57395          
    99.9689            0.46954          8.69018          54.3955                  3.91679          
    99.9689              0.48            8.50207          54.3905                  3.91591          
    99.9821            0.4898          8.30395          54.4305                  3.90773          
    99.9893            0.48725          8.01178          54.4216                  3.83521          
    99.9902            0.49793          7.79057          55.122                  3.77617          
    99.998            0.50657          7.58535          54.8226                  3.72098          
    99.9951            0.50535          7.39268          54.8217                  3.71554          
    99.9959            0.45378          6.67791          50.9847                  3.18106          
    99.6571            0.4459          6.5244          51.6466                  3.09051          

Residual of Shock Speed (m/s) | Driver Hold Time (ms)
           0.03785                   0.00101        
            60.01                    0.00104        
           141.565                   0.0011        
           258.656                   0.00121        
           328.698                   0.00126        
           386.875                   0.00132        
            454.72                    0.00138        
           517.092                   0.00145        
           567.092                   0.00152        
           613.292                   0.00156        
           667.785                   0.00163        
           720.809                   0.00169        
           769.882                   0.00175        
           821.103                   0.00185        
           888.672                   0.00195        
           951.429                   0.00207        
           1006.42                   0.00216        
           1055.11                   0.00228        
           1090.53                   0.00235        
           1130.59                   0.00245        
           1175.54                   0.00253        
           1229.11                   0.00267        
           1258.39                   0.00279        
           1302.97                   0.00294        
           1350.48                   0.00309        
           1391.67                   0.00323        
           1423.61                   0.00328        
           1565.03                   0.00299        
           1570.17                   0.00313        
           1711.13                   0.00371        
           1749.97                   0.00375        
           1698.95                   0.00378        
            1746.2                    0.00401        
           1749.77                   0.00402        
           1818.65                   0.00425        
            3500.0                      0.0          
