Simulation Type = ArnoldCHT_AL
step size = 0.1
pop size = 24
p4 treatment = None
git commit = 022a5a2-dirty
features = al_tol_schedule=[3585, 100.0, 100, 250], psucc_sentinel_as_failure=True
time taken = 108748.08080744743
Number of generations = 500
Current Time = 2026-08-18 14:12:18
Number of individuals that produced no hold time = 1
Fixer Count = 0
****************************************************************************************************
INITIAL POPULATION:
Percent Helium |Driver Pressure (MPa) | p4 (MPa) | Throat Diameter (mm) | Reservoir Pressure (MPa) | Buffer Length (mm)
    70.4372    |        0.14213          27.3383  |        82.2004        |          7.11884                 126.16       
    75.7213    |        0.01076          4.9888  |        52.2402        |          5.015                141.569      
    86.701    |        0.07839          14.0285  |        79.167        |          7.3252                98.5791      
    98.1123    |        0.02026          3.5704  |        81.6854        |          2.12153                 50.794       
    96.618    |        0.16484          21.2749  |        77.2994        |          4.96379                 70.813       
    94.4091    |        0.02813          10.1315  |        58.2435        |          6.99952                61.6536      
    82.9031    |        0.05831          20.1388  |        84.1096        |          4.70289                104.644      
    83.2216    |        0.17771          5.21254  |        79.2281        |          4.10882                91.6061      
    89.6701    |        0.07017          22.3444  |        81.001        |          6.39151                140.726      
    71.1494    |        0.09174          35.2807  |        76.087        |          5.48717                104.769      
    76.8736    |        0.06119          7.60742  |        59.4558        |          7.43344                 114.32       
    85.5815    |        0.02725          4.25995  |        67.5165        |          5.25397                69.7732      
    75.0249    |        0.13397          18.9552  |        80.0867        |          6.19975                83.9495      
    97.487    |        0.37573          7.21878  |        77.9322        |          7.60612                127.523      
    91.5183    |        0.16831          33.7808  |        66.9498        |          7.16644                60.1622      
    91.9546    |        0.01379          7.72261  |        62.5206        |          1.86677                67.6812      
    97.3442    |        0.10907          31.9365  |        70.0847        |          6.55692                 98.258       
    86.9089    |        0.20306          11.5188  |        84.1633        |          7.97355                111.421      
    78.3501    |        0.04485          26.317  |        78.2885        |          5.62525                62.4968      
    93.7277    |        0.15132          15.2937  |        82.8431        |          5.8826                113.023      
    81.7695    |        0.00195          0.49685  |        73.5455        |          6.76072                127.004      
    99.1873    |        0.04165          23.3536  |        51.6227        |          7.81309                103.826      
    88.1887    |        0.0897          21.4951  |        71.7721        |          7.38828                68.2581      
    72.5842    |        0.0253          14.7691  |        72.1396        |          7.16771                106.285      

Driver Hold Time (ms) | Piston Impact Speed (m/s)
0.99  45.1708
0.0  245.095
0.15  40.3152
0.02  145.05
0.32  60.8752
0.05  31.7578
0.06999999999999999  40.1575
0.73  35.7983
0.25999999999999995  44.4812
0.0  350.0
0.13999999999999999  55.3151
0.12999999999999998  22.0522
0.27999999999999997  38.6092
0.19  47.0515
0.0  71.8438
0.0  140.124
0.12999999999999998  34.4689
0.12999999999999998  18.7382
0.06999999999999999  41.1801
0.32  13.5071
0.0  280.612
0.17  48.5282
0.13999999999999999  49.3384
0.13999999999999999  28.7129

****************************************************************************************************
FINAL POPULATION:
Percent Helium | Driver Pressure (MPa) | p4 (MPa) | Throat Diameter (mm) | Reservoir Pressure (MPa) | Buffer length (mm)
    99.995    |        0.27021          10.5506  |        81.8466        |          6.84161                118.937      
    99.9955    |        0.26201          10.6393  |        81.9115        |          6.85728                118.874      
    99.8611    |        0.23941          11.1984  |        80.7194        |          6.93995                116.442      
    99.9423    |        0.24009          11.2745  |        80.7946        |          6.92782                117.031      
    99.9239    |        0.24088          11.4494  |        80.7922        |          6.93115                117.288      
    99.8627    |        0.23942          11.6971  |        80.6958        |          6.95499                116.324      
    99.6371    |        0.20478          11.9189  |        80.0317        |          6.30772                115.253      
    99.505    |        0.20066          12.2931  |        80.0924        |          6.33222                114.805      
    99.2916    |        0.20236          12.2968  |        80.2188        |          6.31341                114.859      
    99.1766    |        0.19988          12.3994  |        80.1471        |          6.31835                115.004      
    98.9882    |        0.19643          12.8128  |        80.1332        |          6.34442                114.575      
    98.8897    |        0.19441          12.8169  |        80.4865        |          6.34241                114.404      
    98.8437    |        0.19791          12.9313  |        80.043        |          6.33941                114.383      
    98.768    |        0.19521          12.9454  |        80.5738        |          6.33769                114.585      
    98.3648    |        0.19824          13.0738  |        81.4274        |          6.37588                115.495      
    98.5116    |        0.19685          13.0169  |        81.3706        |          6.36915                115.774      
    98.5163    |        0.19574          13.26  |        81.4422        |          6.39545                115.664      
    98.3759    |        0.19412          13.4887  |        81.3511        |          6.42201                115.116      
      97.6      |        0.17817          14.0192  |        81.4258        |          6.39354                118.377      
    98.0154    |        0.18685          13.7116  |        80.8367        |          6.31535                113.613      
    97.8832    |        0.18577          14.0165  |        81.2375        |          6.44594                 114.11       
    97.5158    |        0.17035          14.2394  |        81.1483        |          6.41613                117.248      
    97.4956    |        0.17081          14.2398  |        81.1711        |          6.38682                117.549      
    97.2645    |        0.17524          14.7704  |        82.3399        |          6.59511                121.228      

Driver Hold Time (ms) | Piston Impact Speed (m/s)
0.65  25.1261
1.47  1.7386
0.7  5.56642
1.39  22.502
2.0500000000000003  35.5434
1.91  31.7754
1.83  31.0922
1.8699999999999999  29.9828
1.86  30.3792
1.8  29.8197
1.82  30.8458
1.7799999999999998  29.0644
1.75  28.4218
0.66  27.8259
0.62  29.0069
1.71  27.9448
1.6700000000000002  26.9501
1.61  24.1245
0.61  25.6442
0.61  25.0288
0.5900000000000001  2.55487
1.64  2.778
1.5  24.3665
0.11  20.7083
