Simulation Type = ParentValue
time taken = 7395.0669684410095
Number of individuals that produced no hold time = 9
Fixer Count = 4186
************************************************************
INITIAL POPULATION:
[1.1151373103487694, 1.6977680509404434, 1.0641283588769541, 1.9580316738492485, 1.1117122852069632]
(472.5343703376036, 0.0)
[1.1326130707721258, 1.8020275586127839, 1.0196923820151942, 1.8561623944249575, 1.0462962012798802]
(407.80626191828605, 0.0)
[1.12063588036482, 1.441117378652879, 1.1561811015526855, 1.2603390787668536, 1.301027032962772]
(57.036957197229185, 0.0)
[1.0967752787349208, 1.9239184089910175, 1.039302663736015, 1.2288029199062067, 1.0692155528150895]
(330.8147143930264, 0.0)
[1.9351747433009328, 1.592106427589591, 1.032403130363291, 1.5965464471926842, 1.1733118907681266]
(282.9601460562376, 0.0)
[1.890087257447283, 1.6788169722559558, 1.0562730069089148, 1.164256491842601, 1.4260387180510057]
(523.788919391392, 0.0)
[1.823851682672979, 1.944483279503942, 1.0530641485309467, 1.612216713196589, 1.4944145900718728]
(580.9405106109762, 0.0)
[1.0251052861315926, 1.946213258197143, 1.0008469051777678, 1.477012152140865, 1.3614180261634432]
(300.0710791787851, 0.0)
[1.474966032672492, 1.3006517815839267, 1.3134078226642152, 1.0003017183101415, 1.7819390153274486]
(200.1300039096609, 0.0009095722639666064)
[1.555765150380367, 1.6673103885337646, 1.0224455239968298, 1.4081893071200902, 1.7920326879419255]
(83.53538563476877, 0.002739218557759867)
[1.2056443316592351, 1.4376071049455874, 1.0348841785839134, 1.0622686662603367, 1.2416994007862838]
(442.03013583997745, 0.003873050576893442)
[1.6019275948576621, 1.7396599648241895, 1.0765870432866123, 1.9686370275869258, 1.291395789026953]
(422.17025832133913, 0.0)
************************************************************
FINAL POPULATION:
[1.7143658309305898, 1.9995721442431853, 1.000155752916009, 1.9878746880277804, 1.62569419734234]
(0.008330055160058691, 0.0084437121620918)
[1.7146283867774297, 1.9998690635668535, 1.0000004510566936, 1.988380841608968, 1.6256225782879032]
(0.7898812023936443, 0.008489320885340075)
[1.7475302462204823, 1.9993141566313086, 1.0003660815674944, 1.9990017467334187, 1.6318793470163602]
(48.25751184196042, 0.008534281865366268)
[1.7661568447629927, 1.9997060542144511, 1.000108246741935, 1.9993185372789604, 1.6313884701950139]
(85.13437631939223, 0.008568819996262996)
[1.7835877066864623, 1.9977121877809565, 1.000108246741935, 1.9993185372789604, 1.6307424622472186]
(99.33397490508605, 0.008459726357807649)
[1.7955458333768002, 1.9992095771397977, 1.0000129910768074, 1.9929628663527106, 1.6312407361421253]
(119.82667027429079, 0.00853315284345982)
[1.808606410272546, 1.9993056723071572, 1.0000032274057673, 1.9990304334807913, 1.6327171707583195]
(139.1040070297986, 0.008687811876778228)
[1.8179317049412123, 1.9998689733952917, 1.0000129910768074, 1.9985030415537048, 1.634201142005545]
(153.03003819972582, 0.008690629493568525)
[1.8451723458280922, 1.9972356283786783, 1.000000198057679, 1.9899074748012633, 1.6334342502135093]
(200.3040096445252, 0.00874676316678284)
[1.8548270619063763, 1.999511080784453, 1.0000054343326719, 1.9932667870216976, 1.6363645107597096]
(219.3558759137877, 0.008801490620418177)
[1.8666891519364603, 1.9991039178932888, 1.0000451047193808, 1.9995832292709255, 1.6382001801522277]
(241.71569894875302, 0.008850508419781234)
[1.8745532209760338, 1.9998923744079364, 1.0000299033157294, 1.9998455854221726, 1.6394294695596092]
(256.80867947105617, 0.008879600985884254)
