Simulation Type = ParentValue
time taken = 15466.860698699951
Number of individuals that produced no hold time = 9
Fixer Count = 7177
****************************************************************************************************
INITIAL POPULATION:
Percent Helium |Driver Pressure (MPa) | p4 (MPa) | Throat Diameter (mm) | Reservoir Pressure (MPa)
     74.76     |        1.143        |  17.26  |        52.08        |          2.261          
     88.55     |        3.254        |  16.35  |        56.81        |          31.94          
     96.62     |        3.796        |  33.03  |        77.63        |          11.24          
      70.2      |        0.795        |  28.04  |        59.25        |          19.71          
     77.59     |         3.09         |  29.66  |        75.62        |          21.76          
     80.37     |        2.428        |  21.36  |        82.39        |           12.9           
     99.37     |        4.192        |  22.92  |        69.08        |          36.69          
     85.97     |        2.357        |  35.57  |        81.43        |          6.078          
      89.5      |        4.336        |  33.79  |        72.56        |          33.54          
     71.66     |        2.491        |  27.66  |        61.12        |          14.69          
     72.82     |        3.887        |  20.64  |        61.32        |          23.66          
     98.08     |        0.354        |   16.4   |        50.91        |          25.35          
     98.66     |        2.806        |  37.81  |        71.57        |          10.95          
     89.61     |        4.834        |  24.85  |        71.97        |          26.82          
     90.19     |        3.584        |  23.21  |        83.77        |          31.26          
     84.72     |        1.992        |  34.19  |        62.18        |          15.92          
     71.05     |        0.225        |  14.58  |        64.58        |          24.25          
      85.9      |        1.998        |  15.54  |        71.04        |          12.49          
     84.25     |        4.306        |  26.23  |        68.78        |          31.31          
     76.84     |        4.904        |  30.41  |        63.75        |          14.73          
     98.21     |        3.265        |  16.35  |        72.18        |          29.63          
     89.49     |        0.955        |  8.839  |        51.44        |          33.47          
      72.9      |        4.096        |  32.44  |        62.74        |          34.73          
     79.92     |          1.2          |  24.64  |        50.52        |          37.11          

Residual of Shock Speed (m/s) | Driver Hold Time (ms)
            309.9                      0.000000          
            96.12                    0.002000        
            360.3                      0.000000          
            12.83                    0.001000        
            29.14                      0.000000          
            49.05                      0.000000          
            281.8                    0.002000        
            319.1                      0.000000          
            437.4                      0.000000          
            388.8                      0.000000          
            498.9                    0.001000        
            1561.0                    0.001000        
            1259.0                      0.000000          
            158.0                      0.000000          
            45.32                    0.003000        
            391.4                      0.000000          
            150.4                      0.000000          
            306.2                    0.004000        
            36.6                      0.000000          
            407.3                      0.000000          
            319.8                    0.002000        
            227.0                    0.001000        
            322.4                    0.004000        
            221.7                      0.000000          

****************************************************************************************************
FINAL POPULATION:
Percent Helium | Driver Pressure (MPa) | p4 (MPa) | Throat Diameter (mm) | Reservoir Pressure (MPa)
     91.45              4.966           24.92          84.52                  26.78          
     91.45              4.999            25.0           84.97                  26.93          
     91.56              4.999            25.0           84.89                  26.93          
     91.75               5.0            25.01          84.96                  26.96          
     91.95              4.996           24.99          84.96                  26.95          
     92.04              4.998           24.99          84.96                  26.97          
     92.24              4.999            25.0           84.99                  26.99          
     92.41              4.997           24.99          84.95                  26.99          
     92.78              4.998           24.99          84.77                  27.01          
     92.87               5.0             25.0           84.91                  27.04          
      93.0                5.0            25.01           85.0                   27.07          
     93.13              4.998            25.0           84.99                  27.06          
     93.25              4.998           24.99          84.96                  27.06          
     93.38              4.999           25.01          84.98                  27.09          
     93.54               5.0            25.01          84.96                  27.11          
     93.68               5.0             25.0           84.88                  27.11          
     93.77               5.0             25.0           84.87                  27.12          
     93.84              4.998            25.0           84.99                  27.12          
     93.98              4.999           25.01          84.98                  27.15          
     94.06              4.999           25.01          84.96                  27.15          
     94.15               5.0            25.01          84.99                  27.17          
     94.34               5.0            25.03          84.93                   27.2           
     94.43              4.999           25.02          84.96                   27.2           
     94.71              4.982           24.93          84.98                  27.12          

Residual of Shock Speed (m/s) | Driver Hold Time (ms)
             0.0                     0.008000        
            0.005                    0.009000        
            4.693                    0.009000        
            13.71                    0.009000        
            22.61                    0.009000        
            26.94                    0.009000        
            36.13                    0.009000        
            44.53                    0.009000        
            62.28                    0.009000        
            66.96                    0.009000        
            73.78                    0.009000        
            79.84                    0.009000        
            86.12                    0.009000        
            92.69                    0.009000        
            101.0                    0.009000        
            108.0                    0.009000        
            113.1                    0.009000        
            116.5                    0.009000        
            124.5                    0.009000        
            128.4                    0.009000        
            133.4                    0.009000        
            144.2                    0.009000        
            149.1                    0.009000        
            164.1                    0.009000        
