Simulation Type = ParentValue
time taken = 7186.844434976578
Number of individuals that produced no hold time = 5
Fixer Count = 3998
****************************************************************************************************
INITIAL POPULATION:
Percent Helium |Driver Pressure (MPa) | p4 (MPa) | Throat Diameter (mm) | Reservoir Pressure (MPa)
     90.24     |        3.063        |  16.89  |        71.68        |          28.29          
     94.71     |        2.236        |  37.45  |        67.92        |          7.865          
     96.44     |        0.102        |  3.951  |        72.54        |          27.35          
     72.68     |         3.69         |  36.17  |        73.33        |          35.99          
     88.32     |        3.116        |  35.91  |        61.13        |           14.1           
     84.23     |        3.283        |  24.41  |        54.18        |          35.56          
     90.28     |        2.607        |  16.14  |        51.21        |          28.14          
     74.85     |        3.136        |  35.07  |        58.38        |          5.742          
      79.7      |        1.365        |  38.01  |        55.73        |          7.936          
     74.93     |        2.103        |  33.22  |        63.95        |          11.09          
     88.52     |        0.347        |  5.351  |        73.75        |          14.55          
     99.74     |        4.214        |  31.15  |        50.52        |           33.3           

Residual of Shock Speed (m/s) | Driver Hold Time (ms)
            42.83                      2.0          
            754.8                      0.0          
            170.4                      0.0          
            335.5                      3.0          
            88.86                      0.0          
            133.0                      2.0          
            155.1                      2.0          
            286.6                      0.0          
            415.3                      0.0          
            75.87                      0.0          
            782.2                      0.0          
            733.1                      3.0          

****************************************************************************************************
FINAL POPULATION:
Percent Helium | Driver Pressure (MPa) | p4 (MPa) | Throat Diameter (mm) | Reservoir Pressure (MPa)
     91.36              4.999           25.18          73.23                  26.36          
     91.48              4.974           24.87          84.04                  26.71          
     91.45              4.998            25.0           84.99                  26.93          
     91.46              4.998           24.99          84.96                  26.92          
     91.47              4.998           24.99          84.99                  26.92          
     91.48              4.999            25.0           84.98                  26.93          
     91.57               5.0             25.0            85.0                   26.94          
     91.58               5.0             25.0            85.0                   26.94          
     91.76              4.999           24.99          84.97                  26.94          
     91.82               5.0            25.01          84.97                  26.97          
     91.91               5.0            25.01          84.98                  26.97          
     91.96              4.999           25.01          84.99                  26.98          

Residual of Shock Speed (m/s) | Driver Hold Time (ms)
            0.008                      8.0          
            0.001                      8.0          
            0.086                      9.0          
            0.009                      8.0          
            0.299                      9.0          
            1.459                      9.0          
            5.657                      9.0          
            7.119                      8.0          
            13.53                      9.0          
            16.68                      9.0          
            20.7                      9.0          
            23.81                      9.0          
