Simulation Type = ParentValue
alpha = 0.01time taken = 7154.341384649277
Number of individuals that produced no hold time = 6
Fixer Count = 1596
****************************************************************************************************
INITIAL POPULATION:
Percent Helium |Driver Pressure (MPa) | p4 (MPa) | Throat Diameter (mm) | Reservoir Pressure (MPa)
    93.178    |        4.99747        |  31.0659  |        72.309        |          37.0931          
    96.979    |        1.9576        |  22.6311  |        80.8292        |          12.6292          
    92.4843    |        2.4723        |  18.989  |        56.7632        |          13.3561          
    92.4725    |        3.79515        |  20.2399  |        62.418        |          7.31941          
    72.2413    |        2.33473        |  16.862  |        71.8973        |          14.5101          
    71.9514    |        0.01042        |  0.72466  |        58.0311        |          20.2644          
    87.7307    |        4.14261        |  29.5666  |        68.7292        |          17.6115          
    77.6159    |        2.93427        |  21.285  |        79.439        |          27.0081          
    97.1603    |        2.39299        |  29.1986  |        71.4596        |          17.2035          
    94.1088    |        2.29647        |  28.3941  |        73.1104        |          33.0824          
    88.2266    |        3.74354        |  26.7741  |        82.9074        |          9.32403          
    80.9273    |        0.48702        |  4.80561  |        54.7678        |          8.70735          

Residual of Shock Speed (m/s) | Driver Hold Time (ms)
           179.172                   0.00333        
           666.666                     0.0          
           195.241                     0.0          
           72.6319                     0.0          
           479.125                   0.00121        
           927.986                   0.00013        
           53.6089                     0.0          
           357.584                   0.00258        
           755.546                     0.0          
           573.148                   0.00191        
           26.4438                     0.0          
           492.986                   0.00108        

****************************************************************************************************
FINAL POPULATION:
Percent Helium | Driver Pressure (MPa) | p4 (MPa) | Throat Diameter (mm) | Reservoir Pressure (MPa)
    89.0015            4.97558          29.6638          83.072                  31.1699          
    90.7724            4.99215          26.26          83.5353                  27.6567          
    90.9739            4.97889          25.838          83.2618                  27.7486          
    90.9743            4.97888          25.8371          83.2622                  27.7472          
    91.4865            4.96754          24.848          83.6331                  26.6357          
    91.4877            4.96866          24.8482          83.6396                  26.644          
    91.4867            4.96949          24.8524          83.6353                  26.6511          
    91.4905            4.96822          24.8442          83.626                  26.6501          
    91.4796            4.96984          24.8523          83.6315                  26.6564          
    90.7724            4.99215          26.26          83.5353                  27.6567          
    91.4882            4.96927          24.8495          83.6326                  26.6332          
    91.4852            4.96786          24.8428          83.6372                  26.6428          

Residual of Shock Speed (m/s) | Driver Hold Time (ms)
           0.00211                   0.00689        
           0.00021                   0.00766        
           0.00142                   0.00808        
           1.44421                   0.00835        
           0.02025                   0.00839        
           0.84489                   0.00838        
           0.20449                   0.00836        
           0.00325                   0.00766        
           0.00827                   0.00808        
            1.5618                    0.00832        
           0.00295                   0.00839        
           0.18678                   0.0084        
