Simulation Type = RandomCrossover
time taken = 12080.844331264496
Number of individuals that produced no hold time = 5
Fixer Count = 1875
************************************************************
INITIAL POPULATION:
[1.4640344380792916, 1.7711500763989256, 1.0644079518635563, 1.3100801300255955, 1.1414268964279097]
(86.82926464696129, 0.0)
[1.7176992579190453, 1.3800506651489353, 1.1155430040271073, 1.8488731209713474, 1.7670208379306567]
(384.5313393031033, 0.0015067493350917616)
[1.078628000217713, 1.7006621122701886, 1.0874818673772788, 1.1151135741857374, 1.146176997563837]
(253.87026461489998, 0.0)
[1.1668770771636705, 1.0164673724955235, 1.9643332225835513, 1.4628889975536667, 1.5301394117302842]
(655.6508888521912, 9.429721029505234e-05)
[1.8180420245420053, 1.7643650561908428, 1.0365429172795062, 1.0075761515142467, 1.4903959846236623]
(562.4292240630712, 0.0)
[1.6305813683970418, 1.9776002249248845, 1.0049974912642226, 1.0659496054202937, 1.7826656520947917]
(2199.8924749990447, 0.0)
[1.7965145016225246, 1.5013574524094966, 1.1246908130271156, 1.3694547463821025, 1.7957215866860927]
(307.571688006537, 0.0018155238008232197)
[1.1438075806804922, 1.8554098400672014, 1.032056027024002, 1.7571391212302179, 1.563183356072642]
(341.517264321752, 0.0)
[1.2623084269412868, 1.0450095714001804, 1.4022650588433203, 1.5055776885947227, 1.6776492804429255]
(46.691100756504056, 0.00027014451095087183)
[1.7611929304074745, 1.9552950530337723, 1.0157856183955936, 1.1312945637787006, 1.8381449863946782]
(520.6837722524315, 7.723638060136429e-05)
[1.6459044357411907, 1.0576156890284274, 1.0413309453444552, 1.804829076177772, 1.8320728691385895]
(1007.558259667634, 6.751631427634464e-05)
[1.8070083141727793, 1.866134729199998, 1.0394026428314391, 1.5669420909694851, 1.5377973475352245]
(199.49356147618846, 0.0)
************************************************************
FINAL POPULATION:
[1.6214830200862778, 1.9210428252168437, 1.0199847798798527, 1.3823057159543688, 1.6999561810377404]
(0.0003182938403369917, 0.006146175007403609)
[1.7144580961889935, 1.991016493418902, 1.000414439645231, 1.4613319853216582, 1.5991050858672564]
(0.004605827967679943, 0.007427332000929092)
[1.7164581906367602, 1.9921211301579855, 1.000034788852356, 1.5197431242784356, 1.591014395457896]
(0.026427520611377986, 0.007781153317549985)
[1.7151085405039033, 1.9997970835844052, 1.0000215430916164, 1.4987494379655593, 1.5957909684965963]
(0.08549310499756757, 0.007800025845935525)
[1.715240432319066, 1.999668319153062, 1.0000049898441623, 1.499102651580254, 1.5959015342409193]
(0.8794830172610091, 0.007769788023938164)
[1.7150587864517564, 1.9998509903047579, 1.0000357885125726, 1.4999375310214567, 1.5961138950052738]
(0.41117998872687167, 0.007775501361183143)
[1.7152381546569273, 1.999902886059423, 1.0000049898441623, 1.498944629998395, 1.595938979843858]
(0.390386707448215, 0.007794764039574756)
[1.7155045165122416, 1.9996778293665007, 1.000004690062967, 1.4991586011154108, 1.5957385916941313]
(1.0263185107041863, 0.007769448044011799)
[1.7183995818457436, 1.9992370213026656, 1.0000049898441623, 1.5012493059178633, 1.5955768005511972]
(4.387113424075778, 0.007798698213139797)
[1.7204288561604748, 1.9995516814973284, 1.0000049898441623, 1.500392010289449, 1.5960383360486528]
(6.879662924127842, 0.007798477952214632)
[1.721062632903497, 1.9995441574512964, 1.0000029404794308, 1.5009764195812676, 1.5959580459213185]
(7.986901579348796, 0.007794016670987114)
[1.7151319681042272, 1.9998653641838628, 1.0000029404794308, 1.498567926203534, 1.5957748907165195]
(0.032822557370764116, 0.007784818964773163)
