Simulation Type = ArnoldCHT_AL
step size = 0.1
pop size = 24
p4 treatment = None
git commit = 022a5a2-dirty
features = al_tol_schedule=[3585, 100.0, 100, 250], psucc_sentinel_as_failure=True
time taken = 117428.87683081627
Number of generations = 500
Current Time = 2026-08-17 07:59:48
Number of individuals that produced no hold time = 1
Fixer Count = 0
****************************************************************************************************
INITIAL POPULATION:
Percent Helium |Driver Pressure (MPa) | p4 (MPa) | Throat Diameter (mm) | Reservoir Pressure (MPa) | Buffer Length (mm)
    70.4372    |        0.14213          27.3383  |        82.2004        |          7.11884                 126.16       
    75.7213    |        0.01076          4.9888  |        52.2402        |          5.015                141.569      
    86.701    |        0.07839          14.0285  |        79.167        |          7.3252                98.5791      
    98.1123    |        0.02026          3.5704  |        81.6854        |          2.12153                 50.794       
    96.618    |        0.16484          21.2749  |        77.2994        |          4.96379                 70.813       
    94.4091    |        0.02813          10.1315  |        58.2435        |          6.99952                61.6536      
    82.9031    |        0.05831          20.1388  |        84.1096        |          4.70289                104.644      
    83.2216    |        0.17771          5.21254  |        79.2281        |          4.10882                91.6061      
    89.6701    |        0.07017          22.3444  |        81.001        |          6.39151                140.726      
    71.1494    |        0.09174          35.2807  |        76.087        |          5.48717                104.769      
    76.8736    |        0.06119          7.60742  |        59.4558        |          7.43344                 114.32       
    85.5815    |        0.02725          4.25995  |        67.5165        |          5.25397                69.7732      
    75.0249    |        0.13397          18.9552  |        80.0867        |          6.19975                83.9495      
    97.487    |        0.37573          7.21878  |        77.9322        |          7.60612                127.523      
    91.5183    |        0.16831          33.7808  |        66.9498        |          7.16644                60.1622      
    91.9546    |        0.01379          7.72261  |        62.5206        |          1.86677                67.6812      
    97.3442    |        0.10907          31.9365  |        70.0847        |          6.55692                 98.258       
    86.9089    |        0.20306          11.5188  |        84.1633        |          7.97355                111.421      
    78.3501    |        0.04485          26.317  |        78.2885        |          5.62525                62.4968      
    93.7277    |        0.15132          15.2937  |        82.8431        |          5.8826                113.023      
    81.7695    |        0.00195          0.49685  |        73.5455        |          6.76072                127.004      
    99.1873    |        0.04165          23.3536  |        51.6227        |          7.81309                103.826      
    88.1887    |        0.0897          21.4951  |        71.7721        |          7.38828                68.2581      
    72.5842    |        0.0253          14.7691  |        72.1396        |          7.16771                106.285      

Driver Hold Time (ms) | Piston Impact Speed (m/s)
0.99  45.1708
0.0  245.095
0.15  40.3152
0.02  145.05
0.32  60.8752
0.05  31.7578
0.06999999999999999  40.1575
0.73  35.7983
0.25999999999999995  44.4812
0.0  350.0
0.13999999999999999  55.3151
0.12999999999999998  22.0522
0.27999999999999997  38.6092
0.19  47.0515
0.0  71.8438
0.0  140.124
0.12999999999999998  34.4689
0.12999999999999998  18.7382
0.06999999999999999  41.1801
0.32  13.5071
0.0  280.612
0.17  48.5282
0.13999999999999999  49.3384
0.13999999999999999  28.7129

****************************************************************************************************
FINAL POPULATION:
Percent Helium | Driver Pressure (MPa) | p4 (MPa) | Throat Diameter (mm) | Reservoir Pressure (MPa) | Buffer length (mm)
    97.5023    |        0.13509          9.87852  |        81.5408        |          4.35079                127.176      
    97.4994    |        0.13523          9.88684  |        81.5382        |          4.3513                127.174      
    97.491    |        0.13556          9.89711  |        81.5414        |          4.35337                127.105      
    97.484    |        0.13575          9.9099  |        81.5487        |          4.35461                 127.09       
    97.4975    |        0.13651          9.85433  |        81.5947        |          4.33531                 127.45       
    97.5172    |        0.13764          9.85435  |        81.5714        |          4.34094                 127.41       
    97.5117    |        0.13779          9.86775  |        81.5699        |          4.34197                 127.42       
    97.5779    |        0.13848          9.8675  |        81.768        |          4.3591                 127.14       
    97.5789    |        0.13861          9.86376  |        81.7823        |          4.36027                127.183      
    97.5856    |        0.13864          9.8666  |        81.7866        |          4.35897                127.148      
    97.571    |        0.13876          9.86841  |        81.7737        |          4.36103                127.226      
    97.585    |        0.13885          9.8651  |        81.7629        |          4.35994                127.238      
    97.5871    |        0.13899          9.87474  |        81.7505        |          4.36048                127.263      
    97.5037    |        0.13899          9.91721  |        81.6281        |          4.36223                 127.14       
    97.5919    |        0.1391          9.86377  |        81.7623        |          4.35842                127.245      
    97.5038    |        0.13899          9.90287  |        81.6264        |          4.35991                127.151      
    97.5538    |        0.14171          9.87755  |        81.7417        |          4.36404                127.317      
    97.4992    |        0.14496          9.89241  |        81.7459        |          4.36745                126.954      
    97.5022    |        0.14521          9.8646  |        81.7446        |          4.36717                126.974      
    97.491    |        0.14558          9.89084  |        81.7442        |          4.36943                127.023      
    97.5049    |        0.14544          9.90183  |        81.7408        |          4.36587                126.977      
    96.7644    |        0.1471          11.7403  |        80.9971        |          4.72189                132.864      
    96.3914    |        0.14605          12.0428  |        81.32        |          4.778                133.328      
    96.3925    |        0.14607          12.0533  |        81.3182        |          4.77809                133.328      

Driver Hold Time (ms) | Piston Impact Speed (m/s)
0.87  6.73133
0.88  6.71977
1.9400000000000002  6.47519
1.9200000000000002  6.26189
1.9200000000000002  5.7285
0.8899999999999999  5.01501
1.9200000000000002  4.98032
1.9  4.73233
0.88  4.88453
0.8899999999999999  43.4356
1.91  4.75056
1.9  4.38896
1.89  4.3559
1.89  4.19878
1.91  4.35371
1.9  4.46485
0.88  3.19297
1.89  34.4473
0.91  34.6656
0.92  33.9732
0.91  1.21461
1.6199999999999999  0.99038
1.58  23.3801
1.59  0.97801
