Simulation Type = ParentValue
time taken = 11565.773857593536
Number of individuals that produced no hold time = 6
Fixer Count = 3913
****************************************************************************************************
INITIAL POPULATION:
Percent Helium |Driver Pressure (MPa) | p4 (MPa) | Throat Diameter (mm) | Reservoir Pressure (MPa)
     83.51     |         3.42         |  26.43  |        72.94        |          23.76          
     85.95     |        3.183        |  17.86  |        77.09        |          32.94          
      86.0      |        0.866        |  27.45  |         70.3         |          6.218          
     87.91     |        0.813        |  23.63  |        76.08        |          15.76          
     91.95     |        2.984        |   20.8   |        66.69        |          15.31          
     78.02     |        0.651        |  6.772  |        72.27        |          26.66          
      95.5      |        3.399        |  31.31  |        71.12        |          15.52          
     88.04     |        2.427        |  36.97  |        56.92        |          18.42          
     90.24     |        2.252        |  20.13  |        57.94        |           36.5           
     71.65     |        1.026        |  23.53  |        54.35        |           25.7           
     83.98     |        0.912        |  16.46  |        77.07        |          3.165          
     77.65     |         4.42         |  36.77  |        64.78        |          30.86          

Residual of Shock Speed (m/s) | Driver Hold Time (ms)
            146.7                    0.002000        
            76.1                    0.002000        
            475.5                      0.000000          
            620.0                    0.001000        
            57.36                      0.000000          
            161.6                    0.001000        
            269.3                      0.000000          
            107.0                      0.000000          
            317.1                    0.001000        
            111.7                    0.001000        
            232.8                      0.000000          
            77.72                      0.000000          

****************************************************************************************************
FINAL POPULATION:
Percent Helium | Driver Pressure (MPa) | p4 (MPa) | Throat Diameter (mm) | Reservoir Pressure (MPa)
     91.45               5.0            25.01          84.88                  27.02          
     91.46              4.997           24.99           85.0                   26.91          
     91.47              4.999           25.01          84.99                  26.94          
     91.52               5.0             25.0           84.96                  26.94          
      91.6                5.0            25.01           85.0                   26.95          
     91.62               5.0            25.01           85.0                   26.95          
      91.7               4.999           25.01           85.0                   26.96          
     91.85              4.997           24.99          84.99                  26.96          
     91.92              4.999           25.01          84.98                  26.97          
      92.0                5.0             25.0           84.98                  26.97          
     92.11               5.0             25.0           84.98                  26.98          
     93.31               5.0            25.05          83.92                  27.06          

Residual of Shock Speed (m/s) | Driver Hold Time (ms)
             0.0                     0.008000        
            0.006                    0.009000        
            0.669                    0.009000        
            3.162                    0.009000        
            7.427                    0.008000        
            8.069                    0.009000        
            11.05                    0.009000        
            17.95                    0.009000        
            21.4                    0.009000        
            25.09                    0.009000        
            29.91                    0.009000        
            90.58                    0.009000        
