Simulation Type = ArnoldCHT_AL
step size = 0.1
pop size = 24
p4 treatment = None
git commit = 4e59b5a-dirty
features = al_tol_schedule=[3585, 100.0, 100, 250], psucc_sentinel_as_failure=True
time taken = 118372.89410591125
Number of generations = 500
Current Time = 2026-07-28 04:08:21
Number of individuals that produced no hold time = 1
Fixer Count = 0
****************************************************************************************************
INITIAL POPULATION:
Percent Helium |Driver Pressure (MPa) | p4 (MPa) | Throat Diameter (mm) | Reservoir Pressure (MPa) | Buffer Length (mm)
    70.4372    |        0.14213          27.3383  |        82.2004        |          7.11884                 126.16       
    75.7213    |        0.01076          4.9888  |        52.2402        |          5.015                141.569      
    86.701    |        0.07839          14.0285  |        79.167        |          7.3252                98.5791      
    98.1123    |        0.02026          3.5704  |        81.6854        |          2.12153                 50.794       
    96.618    |        0.16484          21.2749  |        77.2994        |          4.96379                 70.813       
    94.4091    |        0.02813          10.1315  |        58.2435        |          6.99952                61.6536      
    82.9031    |        0.05831          20.1388  |        84.1096        |          4.70289                104.644      
    83.2216    |        0.17771          5.21254  |        79.2281        |          4.10882                91.6061      
    89.6701    |        0.07017          22.3444  |        81.001        |          6.39151                140.726      
    71.1494    |        0.09174          35.2807  |        76.087        |          5.48717                104.769      
    76.8736    |        0.06119          7.60742  |        59.4558        |          7.43344                 114.32       
    85.5815    |        0.02725          4.25995  |        67.5165        |          5.25397                69.7732      
    75.0249    |        0.13397          18.9552  |        80.0867        |          6.19975                83.9495      
    97.487    |        0.37573          7.21878  |        77.9322        |          7.60612                127.523      
    91.5183    |        0.16831          33.7808  |        66.9498        |          7.16644                60.1622      
    91.9546    |        0.01379          7.72261  |        62.5206        |          1.86677                67.6812      
    97.3442    |        0.10907          31.9365  |        70.0847        |          6.55692                 98.258       
    86.9089    |        0.20306          11.5188  |        84.1633        |          7.97355                111.421      
    78.3501    |        0.04485          26.317  |        78.2885        |          5.62525                62.4968      
    93.7277    |        0.15132          15.2937  |        82.8431        |          5.8826                113.023      
    81.7695    |        0.00195          0.49685  |        73.5455        |          6.76072                127.004      
    99.1873    |        0.04165          23.3536  |        51.6227        |          7.81309                103.826      
    88.1887    |        0.0897          21.4951  |        71.7721        |          7.38828                68.2581      
    72.5842    |        0.0253          14.7691  |        72.1396        |          7.16771                106.285      

Driver Hold Time (ms) | Piston Impact Speed (m/s)
0.99  45.1708
0.0  245.095
0.13999999999999999  40.3152
0.02  145.05
0.32  60.8752
0.05  31.7578
0.06999999999999999  40.1575
0.73  35.7983
0.25999999999999995  44.4812
0.0  350.0
0.13999999999999999  55.3151
0.12999999999999998  22.0522
0.27999999999999997  38.6092
0.19  47.0515
0.0  71.8438
0.0  140.124
0.12999999999999998  34.4689
0.12999999999999998  18.7382
0.06999999999999999  41.1801
0.32  13.5071
0.0  280.612
0.17  48.5282
0.13999999999999999  49.3384
0.13999999999999999  28.7129

****************************************************************************************************
FINAL POPULATION:
Percent Helium | Driver Pressure (MPa) | p4 (MPa) | Throat Diameter (mm) | Reservoir Pressure (MPa) | Buffer length (mm)
    99.9874    |        0.2282          10.7002  |        84.3496        |          6.18288                132.459      
    99.9614    |        0.22518          10.7246  |        84.345        |          6.16616                132.643      
    99.9195    |        0.22413          10.7473  |        84.3375        |          6.15898                 132.77       
    99.7812    |        0.22364          10.9656  |        84.2409        |          6.20943                132.721      
    99.6666    |        0.21829          11.097  |        83.9938        |          6.18619                133.712      
    99.498    |        0.21756          11.1883  |        84.1332        |          6.17862                133.389      
    99.4665    |        0.21638          11.2474  |        84.126        |          6.17651                133.384      
    99.3643    |        0.21455          11.3432  |        84.2018        |          6.18289                133.124      
    99.3066    |        0.21418          11.3773  |        84.1945        |          6.18056                 133.21       
    99.3087    |        0.21434          11.6039  |        83.9866        |          6.27041                133.717      
    99.1741    |        0.21132          11.6888  |        83.8172        |          6.23646                134.653      
    99.0279    |        0.21063          11.836  |        83.9829        |          6.25881                133.649      
    98.863    |        0.20743          11.8865  |        84.1441        |          6.21123                133.785      
    98.829    |        0.20727          11.933  |        84.1458        |          6.21174                133.817      
    98.7142    |        0.20509          12.068  |        84.0997        |          6.22812                133.493      
    98.5732    |        0.2039          12.1482  |        84.1353        |          6.21321                133.179      
    98.5416    |        0.2033          12.198  |        84.1394        |          6.21166                133.201      
    98.0015    |        0.17288          12.6702  |        84.5921        |          6.08514                133.922      
    98.0108    |        0.17502          12.6565  |        84.5973        |          6.09078                134.034      
    98.0306    |        0.17821          12.7065  |        84.5039        |          6.12049                133.748      
    97.9309    |        0.17908          12.7331  |        84.6124        |          6.11767                132.797      
    97.911    |        0.17967          12.7498  |        84.616        |          6.11807                132.758      
    98.2048    |        0.1859          12.7655  |        84.2794        |          6.22638                135.495      
    98.1905    |        0.18566          12.8314  |        84.2956        |          6.22673                135.415      

Driver Hold Time (ms) | Piston Impact Speed (m/s)
1.75  31.9614
1.74  0.3649
1.96  32.6961
2.0300000000000002  32.2467
1.02  31.4637
1.0399999999999998  30.8546
1.0399999999999998  30.679
1.95  30.3276
1.03  30.0399
1.9300000000000002  29.774
1.9  28.9657
1.8699999999999999  28.6413
0.99  27.9482
1.86  27.8575
1.85  27.3202
1.82  26.9072
1.79  26.7352
0.86  5.67818
1.8  4.32682
1.79  2.58274
0.87  1.62693
1.76  34.0265
1.75  0.34707
1.75  0.38144
