Simulation Type = Penalty
time taken = 215.69999170303345
Number of individuals that produced no hold time = 5
Fixer Count = 0
****************************************************************************************************
INITIAL POPULATION:
Percent Helium |Driver Pressure (MPa) | p4 (MPa) | Throat Diameter (mm) | Reservoir Pressure (MPa)
      80.5      |        0.642        |8.52|         50.0         |           8.86           
      89.2      |         1.48         |19.5|         70.0         |           9.59           
      81.1      |         2.85         |39.199999999999996|         80.0         |    39.699999999999996    
      87.6      |  2.9499999999999997  |26.2|         60.0         |    34.699999999999996    
      72.6      |        0.485        |9.48|         70.0         |           39.0           
      87.0      |         1.04         |18.8|         50.0         |    28.099999999999998    
      98.9      |         1.42         |36.199999999999996|         70.0         |    28.599999999999998    
      87.9      |         4.99         |25.2|         50.0         |    7.1899999999999995    
      84.1      |         2.37         |12.6|         60.0         |    2.4699999999999998    
      75.8      |  1.8499999999999999  |12.799999999999999|         70.0         |           22.0           
      86.9      |         4.92         |30.5|         60.0         |           12.6           
      71.4      |         3.54         |27.799999999999997|         50.0         |    13.899999999999999    

Residual of Shock Speed (m/s) | Driver Hold Time (ms)
            133.0                      0.0          
            128.0                      0.0          
            54.9                      0.0          
            150.0                      0.0          
            392.0                      0.0          
            107.0                      0.0          
            1210.0                      0.0          
            35.7                      0.0          
            184.0                      0.0          
            666.0                      0.0          
            8.11                      0.0          
            209.0                      0.0          

****************************************************************************************************
FINAL POPULATION:
Percent Helium | Driver Pressure (MPa) | p4 (MPa) | Throat Diameter (mm) | Reservoir Pressure (MPa)
      85.6                2.71          25.599999999999998         80.0             39.699999999999996    
      83.3                2.8             29.9            80.0                    37.6           
      79.0        2.9299999999999997  38.699999999999996         80.0                    40.8           
      88.5                3.76          26.599999999999998         50.0             32.699999999999996    
      87.4        3.3499999999999996  33.199999999999996         60.0             32.199999999999996    
      85.9                5.06             36.0            60.0             13.899999999999999    
      85.7        2.8699999999999997     25.0            60.0                    36.1           
      87.6        2.9499999999999997     26.2            60.0             34.699999999999996    
      81.1                2.85          39.199999999999996         80.0             39.699999999999996    
      86.3                3.25          38.199999999999996         80.0                    41.8           
      88.5                3.48             35.3            60.0             36.699999999999996    
      87.5                3.08             38.8            60.0                    35.8           

Residual of Shock Speed (m/s) | Driver Hold Time (ms)
            4.85                      0.0          
            42.3                      0.0          
            67.9                      0.0          
            223.0                      0.0          
            134.0                      0.0          
            291.0                      0.0          
            216.0                      0.0          
            49.0                      0.0          
            12.9                      0.0          
            308.0                      0.0          
            286.0                      0.0          
            363.0                      0.0          
