Simulation Type = Penalty
alpha = 10000.0time taken = 6237.2694528102875
Number of individuals that produced no hold time = 8
Fixer Count = 0
****************************************************************************************************
INITIAL POPULATION:
Percent Helium |Driver Pressure (MPa) | p4 (MPa) | Throat Diameter (mm) | Reservoir Pressure (MPa)
     91.13     |        1.879        |  35.05  |         64.3         |           15.1           
     86.02     |        4.373        |  37.59  |        77.37        |          32.91          
      83.1      |        3.656        |  23.24  |        82.12        |          28.34          
     86.02     |        2.153        |  16.26  |        76.24        |          14.37          
      81.9      |        3.521        |  20.35  |        67.52        |          15.05          
     76.76     |        4.626        |   30.4   |        58.49        |          9.096          
     81.51     |         1.71         |   36.4   |        66.25        |          10.59          
     94.96     |        1.361        |  35.69  |         61.7         |           5.91           
     97.96     |        0.074        |  3.812  |        61.23        |          28.12          
     77.91     |        0.152        |  8.141  |        51.66        |          7.237          
     74.54     |        1.683        |  25.45  |        71.08        |          5.035          
     99.23     |        0.556        |  20.53  |         62.3         |          1.322          

Residual of Shock Speed (m/s) | Driver Hold Time (ms)
            604.3                      0.0          
            11.86                      0.0          
            12.69                      0.0          
            36.81                      0.0          
            286.6                    0.001        
            385.9                      0.0          
            322.1                      0.0          
            779.6                      0.0          
            1234.0                      0.0          
            328.6                    0.001        
            93.57                      0.0          
            289.2                    0.003        

****************************************************************************************************
FINAL POPULATION:
Percent Helium | Driver Pressure (MPa) | p4 (MPa) | Throat Diameter (mm) | Reservoir Pressure (MPa)
     90.67               5.44            27.83          71.52                   29.2           
     90.67               5.44            27.83          71.52                   29.2           
     90.67               5.44            27.83          71.52                   29.2           
     89.72              6.838            34.2           67.42                  35.14          
     89.61              6.855           34.52          66.57                  35.37          
     89.63              6.883           34.57           66.0                   35.49          
      89.5               6.885           34.88          65.09                  35.79          
     89.42               6.93            35.22          64.31                  36.06          
     89.53              6.945           34.96           64.6                   35.78          
     89.72              6.838            34.2           67.42                  35.14          
     89.55              6.926           34.88          65.42                  35.82          
     89.52              6.961           35.14          64.82                  36.01          

Residual of Shock Speed (m/s) | Driver Hold Time (ms)
            0.001                    0.008        
            0.002                    0.008        
            0.001                    0.008        
            0.006                    0.042        
            1.28                    0.043        
            0.217                    0.043        
            11.63                      0.0          
            0.253                    0.045        
            4.138                    0.024        
             0.0                     0.008        
            0.266                    0.044        
            0.724                    0.044        
