Simulation Type = ParentValue
step size = 0.005
pop size = 36
p4 treatment = hard_bounds_on_p4
time taken = 52478.37820768356
Number of generations = 500
Current Time = 2025-07-15 13:10:57
Number of individuals that produced no hold time = 58
Fixer Count = 13041
****************************************************************************************************
INITIAL POPULATION:
Percent Helium |Driver Pressure (MPa) | p4 (MPa) | Throat Diameter (mm) | Reservoir Pressure (MPa)
    77.7688    |        0.93286        |  26.7411  |        52.2052        |          7.89948          
    80.0308    |        1.83919        |  28.1143  |        82.0631        |          5.62399          
    77.3113    |        1.78297        |  33.4247  |        54.94        |          7.50223          
    97.3866    |        0.65946        |  37.0114  |        80.3217        |          2.12835          
    74.9555    |        0.20423        |  19.9123  |        74.4863        |          5.5069          
    97.4173    |        2.66924        |  39.5137  |        55.7196        |          5.79307          
    92.2937    |        1.95754        |  34.7098  |        74.4851        |          3.8125          
    89.2229    |        0.8561        |  33.0234  |        80.1064        |          3.62101          
    95.9552    |        0.07029        |  29.8055  |        56.9323        |          5.06693          
    84.8929    |        1.14118        |  30.305  |        65.1986        |          4.55799          
    92.8208    |        2.41036        |  37.5294  |        70.5456        |          6.75204          
    76.2978    |        0.79517        |  16.0426  |        50.8366        |          7.64328          
    94.4134    |        2.04456        |  39.5586  |        57.9767        |          6.14078          
    85.7417    |        1.66708        |  25.5479  |        75.9219        |          4.00253          
    78.7044    |        0.09305        |  23.9866  |        63.8887        |          3.01534          
    93.1078    |        0.30845        |  11.0077  |        75.7709        |          0.80495          
    86.5396    |        0.42602        |  29.1545  |        65.3953        |          7.22482          
    77.8486    |        0.67241        |  23.1696  |        65.9793        |          7.88604          
    92.1988    |        2.38396        |  35.8812  |        53.8586        |          4.88787          
    84.7434    |        0.17216        |  6.17992  |        73.3846        |          3.57182          
    96.7353    |        2.41845        |  36.5114  |        83.3244        |          5.78016          
    77.8015    |        1.48956        |  25.9737  |        70.7782        |          7.46889          
    77.4812    |        1.87873        |  29.9463  |        76.6733        |          5.23127          
    80.157    |        1.03447        |  35.2433  |        61.3455        |          6.24126          
    97.955    |        1.09243        |  26.9057  |        72.3256        |          3.45918          
    92.8924    |        0.34402        |   27.2   |        60.2951        |          6.79085          
    76.6361    |        0.77978        |  27.7244  |        67.8402        |          3.84672          
    80.9849    |        1.23279        |  18.8037  |        60.2344        |          3.17375          
    75.4862    |        2.1251        |  33.7286  |        64.8261        |          2.82018          
    84.5249    |        1.87018        |  38.5073  |        71.5403        |          6.59086          
    87.7167    |        0.42078        |  16.6511  |        60.2737        |          1.21989          
    76.6734    |        1.46692        |  30.2128  |        64.3062        |          6.81702          
    83.0376    |        1.44408        |  26.9495  |        50.4825        |          6.2105          
    92.0628    |        2.73328        |  39.9747  |        70.0271        |          6.26451          
    74.7219    |        0.71162        |  10.5799  |        51.9581        |          1.0712          
    83.8539    |        2.11518        |  34.5836  |        53.2201        |          3.32841          

Residual of Shock Speed (m/s) | Driver Hold Time (ms)
           1808.95                     0.0          
           2020.58                     0.0          
            1969.3                      0.0          
           363.797                     0.0          
            1572.4                    0.00093        
            1053.1                      0.0          
           1301.88                     0.0          
           1385.28                     0.0          
           471.225                   0.00015        
           1630.23                     0.0          
           1384.27                     0.0          
           2133.37                   0.00127        
           1350.45                     0.0          
           1864.14                     0.0          
           814.697                   0.00024        
           1723.19                     0.0          
           1164.79                   0.00032        
           1968.15                   0.00122        
           1450.29                     0.0          
           2248.82                   0.00114        
           1109.82                     0.0          
           2073.56                     0.0          
           2052.85                     0.0          
            1693.8                      0.0          
           1234.06                     0.0          
           734.132                   0.00024        
           1842.73                     0.0          
            2123.7                      0.0          
           1998.46                     0.0          
           1835.89                     0.0          
            1571.6                      0.0          
           2073.46                     0.0          
           1934.74                     0.0          
           1407.18                     0.0          
           2456.46                     0.0          
            1807.9                      0.0          

****************************************************************************************************
FINAL POPULATION:
Percent Helium | Driver Pressure (MPa) | p4 (MPa) | Throat Diameter (mm) | Reservoir Pressure (MPa)
    99.9237            0.34799          29.8581          51.8118                  7.92492          
    99.9845            0.36864          28.7823          50.7516                  7.86527          
    99.9967            0.39571          27.4565          51.0507                  7.96393          
    99.9976            0.4081          26.1735          50.4943                  7.95501          
    99.9987            0.43102          25.0544          50.3759                  7.88488          
    99.9954             0.462           24.2872          50.3144                  7.98356          
    99.9933            0.48729          23.2425          50.0179                  7.97817          
    99.9712            0.49541          22.3744          50.2481                  7.87281          
    99.9884            0.52021          21.5299          50.0289                  7.98184          
    99.9963            0.55306          20.4419          50.0511                  7.84697          
    99.9975            0.58386          19.5305          50.0183                  7.85615          
    99.9755            0.62282          18.5087          50.038                  7.82654          
    99.9979            0.66095          17.8371          52.2883                  7.95641          
    99.9841            0.69388          17.1937          52.0954                  7.94633          
     99.99             0.7513          16.37          51.261                  7.97159          
    99.9669            0.7863          15.9698          50.6662                  7.99861          
    99.946            0.81418          15.4767          51.3336                  7.97648          
    99.9947            0.8431          14.917          50.8282                  7.87951          
    99.9868            0.87446          14.6055          51.2619                  7.9633          
    99.9314            0.89469          14.0299          53.2615                  7.82909          
    99.9994            0.92138          13.6445          53.0376                  7.7701          
    99.5808            0.93142          13.6301          52.7408                  7.85034          
    99.9541            0.52978          8.66066          50.2937                  4.0159          
    99.9834            0.57563          8.66066          50.0127                  4.26828          
    99.998            0.52478          7.96891          50.079                  3.82259          
    99.9996            0.48035          7.16413          50.1547                  3.39524          
    99.9974            0.47244          6.91364          50.1065                  3.31759          
    99.991            0.42096          6.16514          50.0135                  2.89429          
    99.9991            0.34646          5.20711          51.2775                  2.32439          
    99.9577            0.33806          4.9496          51.3093                  2.24202          
    99.9975            0.31021          4.53897          51.046                  2.03833          
    99.9304            0.28422          4.16194          50.9306                  1.84497          
    99.9866            0.24452          3.69664          51.6142                  1.60229          
    99.9344            0.24184          3.5395          51.4786                  1.55584          
    99.9926            0.22018          3.22165          51.6937                  1.40807          
    99.8764            0.20271          2.96572          53.4844                  1.30413          

Residual of Shock Speed (m/s) | Driver Hold Time (ms)
           0.04725                   0.001        
           77.4485                   0.00107        
           181.882                   0.00115        
           263.936                   0.00122        
           351.662                   0.0013        
           429.584                   0.00138        
           513.715                   0.00147        
           572.654                   0.00153        
           642.796                   0.00161        
           734.681                   0.00174        
           814.413                   0.00186        
           908.778                   0.00201        
           975.216                   0.00213        
           1038.99                   0.00226        
           1125.87                   0.00247        
           1173.72                   0.00259        
            1222.9                    0.00271        
           1270.61                   0.00285        
           1307.48                   0.00296        
           1361.62                   0.00311        
           1394.58                   0.00324        
           1435.59                   0.00326        
           1646.14                   0.00368        
           1505.19                   0.00169        
           1049.19                     0.0          
           1715.79                   0.00332        
           1797.76                   0.0042        
           1863.35                   0.00439        
           1962.88                   0.00469        
            1961.9                    0.00446        
            2040.8                    0.00498        
           2095.63                   0.00518        
           2175.92                   0.00547        
           2184.74                   0.00552        
            2238.1                    0.00577        
           2290.25                   0.00594        
