Simulation Type = ParentValue
step size = 0.1
pop size = 36
p4 treatment = hard_bounds_on_p4
time taken = 52325.79295063019
Number of generations = 400
Current Time = 2025-07-07 15:18:30
Number of individuals that produced no hold time = 44
Fixer Count = 20224
****************************************************************************************************
INITIAL POPULATION:
Percent Helium |Driver Pressure (MPa) | p4 (MPa) | Throat Diameter (mm) | Reservoir Pressure (MPa)
    98.6427    |        2.02048        |  39.6101  |        83.0824        |          9.10326          
    93.429    |        4.25322        |  31.3933  |        66.4799        |          9.29544          
    82.3078    |        1.15742        |  21.515  |        77.4017        |          33.9702          
    88.3683    |        4.01794        |  34.1097  |        59.7447        |          17.1728          
    93.9011    |        4.09404        |  35.5485  |        54.216        |          20.6938          
    80.2286    |        4.80664        |  30.9738  |        70.9086        |          6.99153          
    72.9498    |        2.37304        |  24.0787  |        71.7921        |          7.44156          
    76.8223    |        3.77975        |  19.8416  |        69.9543        |          6.56224          
    92.6736    |        1.87964        |  28.4606  |        54.0375        |          20.6441          
    74.7399    |        4.8383        |  33.9437  |        57.4091        |          22.6784          
    75.8073    |        3.29345        |  29.5383  |        56.9607        |          36.6693          
    75.2779    |        2.36341        |  28.4257  |        52.4814        |          9.798          
    92.1932    |        3.84452        |  19.6254  |        56.979        |          6.81535          
    89.654    |        1.41619        |  8.69621  |        84.019        |          24.964          
    88.6788    |        4.75422        |  38.574  |        51.4485        |          19.5075          
    85.5622    |        2.79499        |  34.4514  |        66.6564        |          37.8607          
    98.6786    |        2.6462        |  34.5246  |        74.4362        |          27.745          
    89.9779    |        2.8808        |  35.2478  |        67.1499        |          5.38023          
    71.3515    |        2.75392        |  14.712  |        66.7453        |          9.29059          
    82.8363    |        1.42249        |  21.7829  |        79.2443        |          14.876          
    87.4071    |        1.89749        |  17.2253  |        63.5591        |          35.0288          
    88.2261    |        4.78738        |  35.7836  |        71.7738        |          26.6405          
    76.7961    |        2.79667        |  39.5279  |        78.5263        |          5.45998          
    76.8578    |        3.04483        |  38.0198  |        76.4023        |          16.24          
    72.064    |        4.8408        |  26.0268  |        59.2364        |          28.6401          
    75.1796    |        0.82456        |  8.14505  |        54.0539        |          26.7664          
    86.6182    |        3.99842        |  39.7578  |        58.2944        |          20.6441          
    77.3384    |        2.37698        |  16.1822  |        77.4844        |          4.18149          
    84.1688    |        1.67232        |  31.4646  |        79.7939        |          14.2777          
    89.4628    |        1.87145        |  11.4842  |        82.7732        |          3.08986          
    83.3565    |        0.76305        |  27.8413  |        54.0853        |          29.0448          
    71.8947    |        2.55765        |  33.1375  |        81.8141        |          5.66081          
    75.4141    |        2.52208        |  17.9828  |        59.5843        |          16.9301          
    97.4705    |        2.32426        |  13.4455  |        65.0101        |          18.8284          
    87.4711    |        1.81852        |  12.4342  |        63.4991        |          11.5111          
    93.4754    |        4.02622        |  33.3235  |        63.0373        |          11.16          

Residual of Shock Speed (m/s) | Driver Hold Time (ms)
           1414.11                   0.0003        
           1883.08                     0.0          
           1952.03                   0.00029        
           2092.91                     0.0          
           1068.51                     0.0          
           2202.56                     0.0          
           2570.08                     0.0          
           2552.45                     0.0          
           1211.11                     0.0          
           2449.13                     0.0          
            2466.6                    0.00214        
           2485.61                     0.0          
           2065.74                     0.0          
           1588.09                   0.0015        
           1786.25                     0.0          
           1875.51                   0.0026        
           1354.42                   0.00263        
           1582.65                     0.0          
           2626.41                     0.0          
           1813.13                   0.0022        
           2441.58                   0.00078        
           2194.29                     0.0          
           2625.39                     0.0          
           1960.07                     0.0          
           2481.61                   0.00556        
           2785.32                   0.00046        
           2261.87                   0.00459        
           2280.97                     0.0          
           2204.55                   0.00095        
           1844.73                     0.0          
           1962.53                   0.00157        
           2264.09                     0.0          
           2286.31                     0.0          
            1989.0                    0.00316        
           2272.47                   0.00348        
            1336.9                      0.0          

****************************************************************************************************
FINAL POPULATION:
Percent Helium | Driver Pressure (MPa) | p4 (MPa) | Throat Diameter (mm) | Reservoir Pressure (MPa)
    99.911            0.49634          34.706          56.8079                  11.8417          
    99.9997            0.57603          35.789          57.1933                  13.3398          
    99.9973            0.84249          39.9414          62.1716                  19.4076          
    99.998            0.9708          39.9965          58.7753                  20.609          
    99.991            1.08505          39.8157          61.8403                  22.3731          
    99.9993            1.23239          39.9306          71.3252                  25.8342          
    99.9975            1.36062          39.9925          72.4886                  27.6384          
    99.9997            1.4508          39.9875          71.7923                  28.3304          
    99.9921            1.57052          39.9845          71.6529                  29.6813          
    99.9938            1.69498          39.6613          70.6625                  30.2898          
    99.9987            1.83175          39.9451          69.0943                  31.5416          
    99.9925            1.98021          39.9243          73.165                  33.4903          
    99.9998            2.15121          39.9975          71.818                  34.6573          
     100.0             2.30964          39.9923          71.9107                  35.7662          
    99.9992            2.48539          39.9989          75.7662                  37.6502          
    99.9982            2.64859          39.9653          75.3214                  38.3721          
    99.9993            2.78794          39.9787          78.5553                  39.7973          
    99.9996            2.94638          39.9787          77.7008                  39.9767          
    99.9986            3.0557          39.8268          76.0821                  39.9853          
    99.998            3.17096          39.3253          75.3411                  39.8124          
    99.9993            3.48599          39.9941          52.6718                  38.2933          
    99.9978            3.65109          39.9451          52.7616                  38.7777          
    99.9997            3.86669          39.8726          54.0487                  39.4065          
    99.999            3.99883          39.2741          58.0042                  39.545          
    99.9996            4.16982          39.1706          58.36                  39.8487          
    99.9987            4.29506          38.99          57.9804                  39.8643          
    99.9783            4.52984          39.0933          52.835                  39.8853          
    99.9993            4.29999          36.6323          79.902                  39.9863          
    99.999            4.3823          36.442          77.9922                  39.768          
    99.999            4.7123          37.0786          84.0947                  39.9989          
    99.9977            4.94122          37.5777          84.0675                  39.8512          
    99.9977            4.94045          37.5534          84.0594                  39.8456          
    99.9964            4.98309          37.6151          82.7219                  39.7685          
    99.8035            4.99324          37.493          82.437                  39.6098          
    99.6851            4.99806          37.3699          82.3286                  39.5701          
    99.5722            4.99985          36.464          82.7144                  38.5182          

Residual of Shock Speed (m/s) | Driver Hold Time (ms)
           0.00796                   0.00103        
           34.7046                   0.00108        
           114.343                   0.00117        
            197.42                    0.00127        
           269.975                   0.00137        
           339.325                   0.00144        
            394.46                    0.00153        
           430.923                   0.00161        
           476.789                   0.0017        
           528.829                   0.0018        
           563.013                   0.00192        
           607.279                   0.00203        
           649.472                   0.00218        
           687.982                   0.00231        
           727.153                   0.00247        
           762.039                   0.00264        
           788.579                   0.00278        
           817.396                   0.00293        
           840.654                   0.00306        
           882.093                   0.00326        
            904.15                    0.00348        
           927.869                   0.00367        
           959.997                   0.00395        
            992.08                    0.0042        
           1015.85                   0.00446        
           1035.19                   0.00465        
           1060.63                   0.00492        
           1098.66                   0.00523        
           1111.54                   0.00541        
           1129.66                   0.00586        
           1140.57                   0.00308        
           1139.82                   0.01184        
           1140.26                   0.00296        
           1160.15                   0.00153        
           1185.52                   0.01479        
           1221.89                   0.00765        
