Simulation Type = ParentValue
alpha = 0.1time taken = 288.5793225765228
Number of individuals that produced no hold time = 5
Fixer Count = 85
****************************************************************************************************
INITIAL POPULATION:
Percent Helium |Driver Pressure (MPa) | p4 (MPa) | Throat Diameter (mm) | Reservoir Pressure (MPa)
    96.3038    |        3.74817        |  20.4186  |        79.5184        |          28.2744          
    75.4097    |        4.82701        |  32.7281  |        69.3046        |          5.73373          
    99.3221    |        2.51069        |  17.8986  |        54.4193        |          12.43          
    91.9288    |        3.28388        |  37.6578  |        50.6676        |          20.0227          
    83.0701    |        1.64043        |  32.2237  |        58.033        |          37.1046          
    77.5114    |        3.60605        |  30.4387  |        71.9572        |          5.56408          
    89.6232    |        3.20433        |  34.0815  |        54.4563        |          29.329          
    97.9025    |        0.39884        |  27.5553  |        82.3496        |          21.3997          
    74.6716    |        0.93446        |  16.5616  |        51.7808        |          30.2462          
    99.698    |        4.42194        |  31.4816  |        63.1067        |          35.67          
    81.7236    |        4.22218        |  28.2153  |        61.5161        |          10.6218          
    91.4432    |        0.9333        |  35.846  |        65.8566        |          19.6738          

Residual of Shock Speed (m/s) | Driver Hold Time (ms)
           1778.95                   0.00214        
            1937.9                      0.0          
           1227.32                     0.0          
           1501.18                     0.0          
           1952.67                   0.00157        
            2001.0                      0.0          
            1942.6                    0.00243        
           860.086                   0.00033        
           1968.91                   0.00082        
           971.873                     0.0          
            2156.0                      0.0          
           2077.39                   8e-05        

****************************************************************************************************
FINAL POPULATION:
Percent Helium | Driver Pressure (MPa) | p4 (MPa) | Throat Diameter (mm) | Reservoir Pressure (MPa)
    98.7205            1.04121          52.0351          77.0127                  15.0238          
    98.3067            0.52013          36.3953          83.9656                  20.3649          
    99.6057            0.7575          37.5706          83.3121                  18.6673          
    99.6057            0.7575          26.2345          73.078                  12.5557          
    97.4613            2.16061          46.3046          74.1978                  38.2799          
    97.0028            2.59974          44.0639          74.8837                  38.2998          
    98.1191            2.22098          29.2855          53.5819                  29.568          
    97.0028            3.29328          39.1796          73.7944                  39.6691          
    99.698            4.42194          31.4816          63.1067                  35.67          
    95.9833            4.50982          32.1072          59.6374                  35.6807          
    94.7605            4.52605          29.3377          57.6489                  29.5817          
    91.0609            4.65503          30.1737          55.5073                  32.8494          

Residual of Shock Speed (m/s) | Driver Hold Time (ms)
           210.363                     0.0          
           312.932                     0.0          
           601.783                     0.0          
            837.0                    0.00105        
           880.385                     0.0          
           960.969                   0.0005        
            1665.6                    0.00129        
            1191.2                    0.00157        
           1774.73                   0.00306        
           1441.58                   0.00311        
           1913.95                   0.00431        
            1337.3                    0.00189        
