Simulation Type = ParentValue
alpha = 0.01time taken = 6779.830584049225
Number of individuals that produced no hold time = 5
Fixer Count = 3884
****************************************************************************************************
INITIAL POPULATION:
Percent Helium |Driver Pressure (MPa) | p4 (MPa) | Throat Diameter (mm) | Reservoir Pressure (MPa)
     74.04     |        0.971        |  23.49  |        50.67        |          10.68          
     94.07     |        0.971        |  38.33  |        57.39        |          7.245          
     75.74     |        3.669        |  30.82  |        58.78        |          6.471          
     71.53     |         0.92         |  36.65  |        73.24        |          23.27          
     98.89     |        2.011        |  21.95  |        53.61        |          7.307          
     76.02     |        1.041        |  26.64  |        53.49        |          21.54          
     85.72     |        1.842        |  13.36  |        76.79        |          5.728          
      93.5      |        0.615        |  6.151  |        74.06        |          17.13          
     76.85     |        4.172        |  25.87  |        67.17        |          25.53          
     70.58     |        3.176        |  19.95  |        80.11        |          39.72          
     94.29     |        1.472        |  23.71  |        80.21        |          33.18          
     75.92     |        4.266        |  27.98  |        79.27        |          18.12          

Residual of Shock Speed (m/s) | Driver Hold Time (ms)
            45.8                    0.002        
            1229.0                      0.0          
            275.3                      0.0          
            210.6                    0.001        
            712.8                      0.0          
            86.44                    0.001        
            243.1                      0.0          
            38.53                    0.001        
            363.6                    0.005        
            547.0                    0.001        
            590.1                    0.001        
            393.7                      0.0          

****************************************************************************************************
FINAL POPULATION:
Percent Helium | Driver Pressure (MPa) | p4 (MPa) | Throat Diameter (mm) | Reservoir Pressure (MPa)
     91.32              4.993           25.22          84.04                  27.11          
     92.04              4.999           25.32          84.98                  27.33          
     92.79              4.999            25.0           84.99                  27.04          
     94.31              4.983           24.92          84.72                  27.06          
     95.34              4.988           24.94          84.95                   27.2           
      96.3               4.999            25.0           84.98                  27.38          
     96.88              4.995           24.98          84.99                  27.43          
     97.33              4.999            25.0           84.86                  27.49          
     97.85               5.0             25.0           84.99                  27.57          
     98.94               5.0             25.0           84.96                  27.65          
     99.53               5.0             25.0            85.0                   27.68          
     100.0               5.0             25.0            85.0                   27.62          

Residual of Shock Speed (m/s) | Driver Hold Time (ms)
             0.0                     0.008        
            34.77                    0.008        
            63.16                    0.009        
            141.2                    0.009        
            200.5                    0.009        
            261.3                    0.009        
            299.3                    0.009        
            330.4                    0.009        
            368.1                    0.009        
            454.3                    0.009        
            505.0                    0.009        
            547.6                    0.009        
