Simulation Type = ParentValue
step size = 0.005
pop size = 36
p4 treatment = hard_bounds_on_p4
time taken = 201053.31453323364
Number of generations = 750
Current Time = 2025-07-29 06:44:56
Number of individuals that produced no hold time = 0
Fixer Count = 16211
****************************************************************************************************
INITIAL POPULATION:
Percent Helium |Driver Pressure (MPa) | p4 (MPa) | Throat Diameter (mm) | Reservoir Pressure (MPa) | Buffer Length (mm)
    93.1558    |        2.06754        |  35.28  |        50.4274        |          4.88211                135.207      
    70.6936    |        1.15698        |  31.5741  |        83.3481        |          7.53598                56.4693      
    87.7383    |        1.4004        |  27.6873  |        58.2248        |          4.15803                117.286      
    90.7332    |        0.58345        |  16.7166  |        51.7702        |          1.47998                92.6509      
    98.5631    |        0.59905        |  18.284  |        74.9807        |          3.53684                93.4919      
    95.5603    |        1.52234        |  39.5884  |        62.624        |          2.4161                71.1798      
    90.9184    |        2.62549        |  39.4253  |        54.3799        |          7.49212                53.7182      
    94.8143    |        2.02629        |  39.7622  |        56.08        |          3.67122                72.6201      
    77.8915    |        2.12698        |  37.2818  |        50.0094        |          5.96079                94.0914      
    83.3495    |        2.18972        |  33.9036  |        52.6066        |          2.46292                71.4263      
    80.3698    |        2.54811        |  38.6193  |        53.5097        |          2.73943                85.2627      
    89.8268    |        2.02038        |  39.6282  |        75.1229        |          3.12851                69.9606      
    74.9783    |        1.49167        |  28.2897  |        55.3552        |          4.34343                113.078      
    92.7837    |        0.33357        |  23.4298  |        69.7963        |          2.78696                65.7715      
    89.5975    |        0.59068        |  35.8281  |        67.7046        |          3.62937                133.202      
    99.6221    |        2.25409        |  33.1946  |        83.4354        |          7.01954                123.197      
    79.0913    |        0.35018        |  26.1975  |        83.4506        |          1.99692                86.0421      
    86.5831    |        1.30352        |  36.233  |        72.8833        |          4.05264                73.8414      
    75.3858    |        0.93625        |  15.8071  |        65.0772        |          2.55666                101.879      
    71.0544    |        2.2343        |  39.4742  |        74.5684        |          3.94486                109.856      
    80.9835    |        1.03763        |  36.7986  |        84.4158        |          4.10819                65.2834      
    91.4779    |        0.62405        |  25.4591  |        61.9288        |          6.99221                75.1882      
    83.3334    |        0.32789        |  16.9973  |        65.0827        |          6.12432                88.6566      
    74.9803    |        0.70747        |  30.21  |        84.8062        |          1.99259                140.449      
    79.3394    |        2.41339        |  35.6913  |        50.3758        |          4.8591                53.2846      
    86.4042    |        2.18869        |  36.0629  |        52.0486        |          2.18943                136.407      
    75.4357    |        2.16198        |  39.6603  |        67.8688        |          2.58184                123.991      
    70.1266    |        2.48406        |  38.7665  |        82.0094        |          5.16907                135.222      
    76.3494    |        2.4966        |  37.8487  |        55.917        |          5.80414                 113.63       
    92.3144    |        0.60702        |  15.6678  |        73.4285        |          1.62086                102.496      
    72.0708    |        1.87892        |  34.4761  |        56.3434        |          7.90793                88.7523      
    81.787    |        0.12489        |  8.56947  |        77.8703        |          2.54347                66.4139      
    77.7581    |        0.92204        |  37.8309  |        74.0257        |          7.84662                147.294      
    86.9571    |        1.50506        |  25.1585  |        56.4516        |          4.10955                98.0036      
    85.565    |        0.68538        |  35.0363  |        68.959        |          6.81276                78.6676      
    79.0477    |        0.62304        |  34.7759  |        57.562        |          4.07003                126.127      

Residual of Shock Speed (m/s) | Driver Hold Time (ms) | Piston Impact Speed (m/s)
           1472.53                     0.0                     350.0           
           1905.56                     0.0                     350.0           
           1671.19                     0.0                     350.0           
           1503.98                     0.0                     350.0           
           1084.32                     0.0                     350.0           
            944.09                      0.0                     350.0           
           1497.74                     0.0                     350.0           
           1126.02                     0.0                     350.0           
           1948.14                     0.0                     350.0           
           1854.47                     0.0                     350.0           
           1915.34                     0.0                     350.0           
           1468.43                     0.0                     350.0           
            2118.0                      0.0                     350.0           
           882.056                     0.0                     350.0           
           1035.54                     0.0                     350.0           
           942.769                     0.0                     350.0           
           1287.57                     0.0                     350.0           
           1455.48                     0.0                     350.0           
            2278.8                      0.0                     350.0           
           2088.72                     0.0                     350.0           
           1609.07                     0.0                     350.0           
            1284.2                      0.0                     350.0           
           1660.82                     0.0                     350.0           
           1771.22                     0.0                     350.0           
           1975.99                     0.0                     350.0           
           1709.64                     0.0                     350.0           
           2083.66                     0.0                     350.0           
           2151.44                     0.0                     350.0           
           2031.82                     0.0                     350.0           
           1609.13                     0.0                     350.0           
           2094.41                     0.0                     350.0           
           2054.95                     0.0                     350.0           
           1663.73                     0.0                     350.0           
            1855.8                      0.0                     350.0           
           1264.06                     0.0                     350.0           
           1359.49                     0.0                     350.0           

****************************************************************************************************
FINAL POPULATION:
Percent Helium | Driver Pressure (MPa) | p4 (MPa) | Throat Diameter (mm) | Reservoir Pressure (MPa) | Buffer length (mm)
    97.4515            0.11668          23.5756          53.0166                  4.38174                81.9758      
    97.4534            0.11692          23.6498          53.0255                  4.38315                81.9798      
    97.1971            0.11391          23.6456          66.6996                  4.3048                82.8389      
    99.9365            0.10141          15.2014          68.99                  2.8294                  127.6        
    99.9819            0.1025          13.4871          68.8206                  2.75094                127.793      
    99.3342            0.11983          13.4219          60.0638                  3.59451                90.0961      
    99.879            0.1032          12.178          68.7672                  2.67128                128.022      
    74.9984            0.11454          39.6043          54.2165                  4.64181                85.4509      
    94.2574            0.11228          16.2289          54.5362                  3.63717                89.5744      
    99.1198            0.10867          11.4725          69.1136                  2.70125                129.814      
    98.2904            0.11157          10.5672          67.3843                  2.64107                129.416      
    81.0531            0.11504          23.9363          54.3969                  4.40918                82.9835      
    98.0766            0.11018          9.44187          67.6119                  2.50847                 129.93       
    99.9607            0.10297          6.69045          81.423                  2.51658                124.185      
    99.9319            0.10452          6.31335          81.4555                  2.46652                124.433      
    99.6766            0.11159          6.1177          81.0417                  2.47524                125.966      
    99.6394            0.1183          5.71796          81.1599                  2.4751                126.078      
    90.1078            0.0926          8.54781          64.0846                  1.88235                145.477      
    99.7896            0.1132          5.20334          81.8959                  2.4118                109.705      
    99.9633            0.12373          4.75374          82.0215                  2.42202                109.167      
    99.933            0.1317          4.44986          81.7261                  2.38031                 114.66       
    99.8376            0.17433          4.00484          84.778                  2.64903                116.415      
    99.2655            0.18033          3.76106          67.5687                  2.77571                116.883      
    98.3897            0.1759          3.85883          74.0749                  2.66879                109.894      
    99.8195            0.19244          3.36774          84.4853                  2.50116                115.238      
    97.1387            0.17896          3.67499          60.8691                  2.74437                149.388      
    98.6215            0.09257          2.60819          83.27                  1.48362                121.977      
    98.5962            0.10177          2.50279          83.1108                  1.50119                122.045      
    98.6559            0.1047          2.41403          83.1841                  1.49055                 121.82       
    98.4867            0.11007          2.32843          83.378                  1.4863                122.956      
    98.4975            0.11514          2.22318          83.3519                  1.47327                122.734      
    98.5661            0.12312          2.12067          83.434                  1.47451                122.669      
    97.1614            0.11844          2.08112          79.2688                  1.36499                131.103      
    94.8125            0.11148          2.23856          79.1866                  1.35672                133.002      
    98.582            0.13564          1.98437          83.5099                  1.47276                  122.4        
    73.3908            0.17967          3.84417          69.8751                  3.1169                145.354      

Residual of Shock Speed (m/s) | Driver Hold Time (ms) | Piston Impact Speed (m/s)
           0.00017             0.5900000000000001            26.222          
           3.56345                     0.6                    23.918          
           8.07125                    0.68                   65.582          
            298.68                      0.8                    78.417          
            466.82                     0.94                    77.43           
           610.325                    0.88                   50.596          
           618.875                    1.07                   76.225          
           666.108             0.48000000000000004             1.623           
           750.411                    0.71                   22.043          
           789.808                     1.2                    72.547          
           971.526                    1.34                    63.79           
           992.374                    0.54                    1.248           
            1115.4                     1.46                   63.562          
           1341.29                    1.64                   112.443          
           1412.07                    1.77                   111.229          
           1485.26             1.9400000000000002            106.459          
           1576.65                    2.16                   104.562          
           1588.61                    1.51                   36.716          
           1649.34                    2.28                   108.811          
           1753.31                    2.59                   107.123          
           1835.58                    2.83                   103.515          
           2010.26                    3.21                   104.779          
            2102.7                     1.75                   59.705          
           2118.65             2.0500000000000003            72.884          
           2180.82                    3.59                    99.92           
           2217.73                    1.59                   35.409          
           2281.97                    3.85                   100.139          
           2334.69                    4.28                    97.33           
           2365.88                    4.51                    96.75           
           2409.44                     4.8                    95.103          
           2451.57                    5.13                     93.7            
           2495.59                    5.49                   92.432          
           2549.19                    4.66                   78.267          
           2558.24             4.0600000000000005            72.958          
           2558.54                     0.0                     350.0           
           2718.37                    1.25                   20.182          
