Simulation Type = ParentValue
alpha = 0.1time taken = 199.31379771232605
Number of individuals that produced no hold time = 4
Fixer Count = 71
****************************************************************************************************
INITIAL POPULATION:
Percent Helium |Driver Pressure (MPa) | p4 (MPa) | Throat Diameter (mm) | Reservoir Pressure (MPa)
    81.1517    |        2.51791        |  36.5799  |        80.5577        |          30.1554          
    72.3659    |        2.48407        |  23.3307  |        56.7242        |          22.9743          
    82.9101    |        4.33584        |  33.3088  |        65.9401        |          20.4825          
    70.7693    |        3.82491        |  30.1683  |        54.4135        |          36.2458          
    88.9168    |        3.0749        |  32.288  |        52.7469        |          27.7333          
    87.398    |        4.71306        |  37.13  |        57.9331        |          24.5506          
    98.7438    |        4.99282        |  26.3549  |        76.9237        |          28.1285          
    70.4688    |        0.95575        |  27.1851  |        55.2757        |          2.96893          
    85.9252    |        4.82485        |  33.1651  |        65.7613        |          22.2423          
    79.2879    |        0.72991        |  38.8058  |        67.0619        |          31.8796          
    94.1193    |        0.42751        |  25.0773  |        56.1516        |          21.7074          
    92.1247    |        1.26254        |  25.0196  |        58.1293        |          20.8539          

Residual of Shock Speed (m/s) | Driver Hold Time (ms)
           2273.11                   0.0011        
           2469.53                   0.00155        
           1410.79                     0.0          
           2379.97                   0.00351        
           1612.29                   0.00187        
           1668.21                     0.0          
           1176.45                     0.0          
           2154.15                     0.0          
           2229.42                     0.0          
           2586.62                   8e-05        
           935.406                   0.00036        
            1819.8                    0.0003        

****************************************************************************************************
FINAL POPULATION:
Percent Helium | Driver Pressure (MPa) | p4 (MPa) | Throat Diameter (mm) | Reservoir Pressure (MPa)
    93.0325            1.76008          113.52          60.6712                  24.608          
    99.0963            1.25598          49.544          56.1686                  31.6818          
    96.276            0.69872          32.3739          60.0184                  14.8876          
    99.5871            0.9055          23.7054          56.1686                  17.125          
    91.166            0.7785          31.5344          64.3609                  15.163          
    98.9808            1.38871          21.9898          55.2664                  17.4077          
    98.7438            4.99282          26.3549          76.9237                  28.1285          
    97.3634            0.92687          56.543          58.628                  15.3971          
    96.276            0.69872          38.6337          59.5462                  20.2167          
    92.4283            1.00478          36.8228          56.6719                  23.1224          
    98.7438            4.99282          26.3549          81.3419                  32.2479          
    96.6197            3.70449          19.5544          70.8536                  21.4094          

Residual of Shock Speed (m/s) | Driver Hold Time (ms)
           584.075                     0.0          
            89.94                      0.0          
           578.048                     0.0          
           1183.15                   0.00212        
           1127.36                     0.0          
           1439.53                     0.0          
           471.965                     0.0          
           329.004                     0.0          
           524.297                     0.0          
           846.386                     0.0          
           1782.15                   0.00267        
            1879.6                      0.0          
