Simulation Type = RandomCrossover
time taken = 13212.096599578857
Number of individuals that produced no hold time = 8
Fixer Count = 1760
****************************************************************************************************
INITIAL POPULATION:
Percent Helium |Driver Pressure (MPa) | p4 (MPa) | Throat Diameter (mm) | Reservoir Pressure (MPa)
     98.38     |        0.077        |  4.155  |        71.01        |          31.99          
     82.37     |        4.892        |  30.35  |        81.53        |          26.13          
     86.79     |        2.028        |  37.87  |        61.44        |          3.208          
     85.36     |        2.265        |   38.3   |        64.94        |          25.97          
     96.05     |        3.347        |  39.06  |        67.58        |          7.935          
     80.91     |        2.814        |  28.77  |        65.16        |          8.023          
     72.14     |        3.414        |  35.64  |        84.64        |          27.12          
     74.73     |        1.342        |  35.46  |        68.73        |          7.254          
     73.23     |        3.775        |  33.93  |         70.3         |          33.73          
     78.68     |        1.637        |  32.99  |        66.98        |          35.64          
     96.55     |        4.989        |  35.58  |        57.54        |          39.85          
     96.53     |        4.439        |  39.55  |        68.01        |          15.32          

Residual of Shock Speed (m/s) | Driver Hold Time (ms)
            1738.0                      1.0          
            1075.0                      0.0          
            321.6                      0.0          
            477.5                      0.0          
            761.0                      0.0          
            261.8                      0.0          
            561.8                      3.0          
            62.17                      0.0          
            541.2                      2.0          
            46.9                      1.0          
            546.0                      1.0          
            641.3                      0.0          

****************************************************************************************************
FINAL POPULATION:
Percent Helium | Driver Pressure (MPa) | p4 (MPa) | Throat Diameter (mm) | Reservoir Pressure (MPa)
     89.42              4.999           28.91          66.81                  29.92          
     91.23              4.985           25.38          66.91                  26.02          
     91.33              4.988            25.2           66.75                  26.05          
     91.47              4.985           24.93          66.93                  25.75          
     91.47              4.989           24.99          66.99                  25.82          
     91.61              4.995           24.98          66.82                  25.83          
     91.61              4.994           24.98          66.82                  25.82          
     91.62              4.995           24.98          66.82                  25.82          
     91.62              4.994           24.98          66.82                  25.82          
     91.61              4.996            25.0           66.82                  25.82          
     91.62              4.994           24.98          66.83                   25.8           
     92.73               4.99            24.96          65.92                  25.78          

Residual of Shock Speed (m/s) | Driver Hold Time (ms)
            0.004                      7.0          
            0.012                      7.0          
            0.212                      7.0          
            0.37                      8.0          
            90.37                      0.0          
            0.821                      8.0          
            6.977                      8.0          
            6.916                      8.0          
            6.941                      8.0          
            6.967                      8.0          
            7.226                      8.0          
            71.23                      7.0          
