Simulation Type = RandomCrossover
time taken = 23388.97573041916
Number of individuals that produced no hold time = 4
Fixer Count = 2802
****************************************************************************************************
INITIAL POPULATION:
Percent Helium |Driver Pressure (MPa) | p4 (MPa) | Throat Diameter (mm) | Reservoir Pressure (MPa)
     94.96     |         2.23         |  25.17  |        52.67        |          9.914          
     94.85     |        0.804        |  6.823  |        50.02        |          36.24          
     86.36     |          3.7          |  35.13  |        70.55        |          20.52          
     76.67     |        2.196        |  28.56  |        55.09        |          26.19          
     80.95     |        4.488        |  27.45  |        71.79        |          35.68          
      81.3      |        1.063        |  17.29  |        75.47        |          25.68          
     94.22     |        0.593        |  25.05  |        63.32        |           1.46           
     81.02     |        4.933        |  37.16  |        72.61        |          28.34          
     98.71     |        3.434        |  32.32  |        65.83        |          38.98          
     71.36     |        4.523        |  25.43  |        81.41        |          32.35          
     79.97     |        3.245        |  27.85  |        58.19        |          27.13          
      75.6      |        0.065        |  2.684  |         58.5         |          37.85          

Residual of Shock Speed (m/s) | Driver Hold Time (ms)
            275.9                      0.0          
            285.1                      0.0          
            93.68                      0.0          
            305.0                    0.002        
            70.15                      0.0          
            668.1                      0.0          
            960.2                      0.0          
            137.6                      0.0          
            589.6                    0.002        
            425.0                    0.005        
            52.72                    0.002        
            596.9                      0.0          

****************************************************************************************************
FINAL POPULATION:
Percent Helium | Driver Pressure (MPa) | p4 (MPa) | Throat Diameter (mm) | Reservoir Pressure (MPa)
     91.47              4.985           24.93          63.18                  25.55          
     91.46              4.999           24.99          63.72                  25.66          
     91.46              4.999           24.99          63.73                  25.66          
     91.47              4.999           24.99          63.72                  25.66          
     91.71              4.998           24.99          63.57                  25.66          
     91.72              4.998           24.99          63.57                  25.66          
     91.79               5.0             25.0           63.54                  25.68          
      91.8                5.0             25.0           63.53                  25.68          
     91.81               5.0             25.0           63.52                  25.68          
     91.83               5.0             25.0           63.52                  25.68          
     91.83               5.0             25.0           63.51                  25.68          
     91.86               5.0             25.0           63.49                  25.68          

Residual of Shock Speed (m/s) | Driver Hold Time (ms)
             0.0                     0.008        
             0.0                     0.008        
            0.025                    0.008        
            0.501                    0.008        
            11.55                    0.008        
            12.09                    0.008        
            15.23                    0.008        
            15.88                    0.008        
            16.38                    0.008        
            16.93                    0.008        
            17.26                    0.008        
            18.62                    0.008        
