Simulation Type = Penalty
time taken = 6663.303108453751
Number of individuals that produced no hold time = 4
Fixer Count = 0
************************************************************
INITIAL POPULATION:
[1.4837223706779255, 1.628693890309353, 1.068598319073107, 1.7355259484329708, 1.0778532298027952]
(126.62917623064688, 0.0)
[1.5353358159876422, 1.5508399225936116, 1.1048517907307052, 1.6753138909592078, 1.559672211602268]
(126.44887475738551, 0.0027021040274068722)
[1.0509473423883398, 1.9623818895845997, 1.0108445556571584, 1.3939842774711317, 1.0815983645183256]
(216.39796599576994, 0.0)
[1.5978195291367177, 1.048652579348734, 1.1352084468282662, 1.7608616672340576, 1.0296581412346686]
(312.595306622557, 0.0040422123392558)
[1.1793365440421386, 1.1956786749061394, 1.5340350803382252, 1.4686172054866256, 1.7942938643274036]
(518.9159412533713, 0.0)
[1.9956775119039118, 1.9967243855735284, 1.0294722135928736, 1.984002093332324, 1.8804903838750686]
(578.7905619487701, 0.006711117950037142)
[1.3056957528742799, 1.1927999715869009, 1.3131967151468191, 1.197928791487142, 1.982180529528545]
(55.57151530566989, 0.0003306257908361112)
[1.248412218197417, 1.18497056682593, 1.2348681094468277, 1.770987561410208, 1.64718313192817]
(106.50069896232435, 0.0011563660985082803)
[1.5154527981614796, 1.1954166221663274, 1.3003232646825493, 1.887369876586229, 1.6665499035147262]
(199.54832743172574, 0.0008058266163145002)
[1.1958740486273276, 1.9791983252276155, 1.0033847011805914, 1.289145028204477, 1.8403072133275011]
(222.2144666534473, 0.0)
[1.031666019249162, 1.1341061343256158, 1.5999452161463381, 1.5133858250192196, 1.0995847390778537]
(100.52723690936045, 0.0)
[1.1504864515433118, 1.6959051784443102, 1.0085245337503863, 1.4755448362522605, 1.96979015080427]
(255.88863195015526, 0.002815711625102718)
************************************************************
FINAL POPULATION:
[1.6685998370788482, 2.2454950475270343, 1.0009971952983445, 1.6540109308941537, 1.7666994833864327]
(0.007733747017937277, 0.03372476795824089)
[1.645986577299682, 2.2477763957341352, 0.9986670114614737, 1.6201592792227084, 1.7719861797765488]
(1.4049480920152746, 0.03533813810399518)
[1.6385450558870722, 2.2522300578287684, 0.9987678230707151, 1.6228564151520635, 1.774217476124898]
(34.595450695351246, 0.03702240650479796)
[1.6135841872571939, 2.2563687952951903, 0.9994993269951878, 1.626324507414948, 1.7656927909081348]
(70.99121733750644, 0.03790855394000721)
[1.576389507394166, 2.2683973104403643, 0.9973305605425015, 1.5813479083350068, 1.799540720249272]
(82.54042351473208, 0.0013180507930216807)
[1.5558773202568557, 2.277945665063666, 0.997312872760821, 1.5585914063887543, 1.8060597297194256]
(121.21143889722453, 0.0009753180097496379)
[1.5266044093314928, 2.2938457448549516, 0.9960568715518251, 1.5446357195996725, 1.8368524127335966]
(130.89693748060108, 0.0006620719796365769)
[1.5201608222593674, 2.2989095938651407, 0.9960415131986429, 1.5432984575563786, 1.839322327867265]
(133.04157816574798, 0.001323554117914183)
[1.4827409280063135, 2.318387950154641, 0.997397268782447, 1.5456309265540111, 1.8409622066117568]
(191.09433084690863, 0.010835328069687653)
[1.4394364973794032, 2.3249545370719615, 0.9966471409993928, 1.5367848744704489, 1.8518552890008404]
(231.41507595255553, 0.010801297455292208)
[1.4115805907346342, 2.3325942574732283, 0.9964617059236501, 1.517100121980145, 1.864077024300735]
(248.69820373447965, 0.026882857268667418)
[1.3734162698379841, 2.3430974827880084, 0.9962407202034615, 1.522624754166087, 1.8737426231365162]
(273.54111246154434, 0.0264863828782732)
