Simulation Type = ParentValue
alpha = 0.05time taken = 9308.009908676147
Number of individuals that produced no hold time = 4
Fixer Count = 3590
****************************************************************************************************
INITIAL POPULATION:
Percent Helium |Driver Pressure (MPa) | p4 (MPa) | Throat Diameter (mm) | Reservoir Pressure (MPa)
    84.9228    |        2.37645        |  22.4621  |        69.3704        |          16.9678          
    86.5855    |        3.092        |  31.3635  |        75.9581        |          7.5843          
    95.1016    |        4.15714        |  22.4479  |        67.4276        |          20.6408          
    77.0282    |        1.03716        |  36.9608  |        73.8211        |          24.5656          
    86.0153    |        4.53934        |  27.1768  |        56.9321        |          26.8157          
    86.3656    |        4.4543        |  33.3011  |        71.0221        |          39.4221          
    98.2742    |        1.79864        |  24.1024  |        81.1583        |          1.99486          
    88.9238    |        4.88511        |  27.8617  |        83.02        |          19.5373          
    83.2777    |        3.80323        |  38.1786  |        52.7462        |          16.3974          
    94.0417    |        1.38767        |  11.2279  |        55.0819        |          28.7448          
    77.4498    |        2.53257        |  18.4216  |        75.441        |          31.3244          
    78.7448    |        1.44998        |  30.9726  |        59.6681        |          23.7866          

Residual of Shock Speed (m/s) | Driver Hold Time (ms)
           203.486                   0.00263        
           140.807                     0.0          
           189.307                     0.0          
           452.207                     0.0          
           119.848                   0.00479        
           106.774                   0.00259        
           780.433                     0.0          
           56.3805                     0.0          
            70.203                      0.0          
           194.163                   0.00091        
           186.838                   0.00183        
           116.063                   0.00121        

****************************************************************************************************
FINAL POPULATION:
Percent Helium | Driver Pressure (MPa) | p4 (MPa) | Throat Diameter (mm) | Reservoir Pressure (MPa)
    91.4796            4.90387          24.6736          83.7633                  26.6726          
    91.4934            4.99421          25.0732          84.9588                  27.0225          
    93.0494            4.99659          25.07          84.8195                  27.1235          
    95.0731            4.98932          25.0206          84.8943                  27.2578          
    95.962            4.99996          25.0489          84.873                  27.3875          
    96.7458            4.99937          25.0499          84.9608                  27.4797          
    97.4262            4.99411          25.0043          84.8183                  27.4333          
    97.6719            4.99411          25.0043          84.8183                  27.53          
    98.4551            4.9872          24.9528          84.9952                  27.5573          
    98.9682            4.99497          24.9917          84.9952                  27.5589          
    99.4571            4.98899          24.9618          84.9952                  27.75          
    99.9404            4.99953          25.1093          84.9952                  27.6416          

Residual of Shock Speed (m/s) | Driver Hold Time (ms)
           0.13312                   0.00805        
           3.26624                   0.00844        
           77.4093                   0.00855        
           188.388                   0.0087        
           242.295                   0.00884        
           291.632                   0.00892        
           364.797                   0.00838        
           341.926                   0.00894        
           456.529                   0.00921        
           441.377                   0.00877        
           534.406                   0.00925        
            558.25                    0.00922        
