Simulation Type = ArnoldCHT_AL
step size = 0.1
pop size = 24
p4 treatment = None
git commit = 022a5a2-dirty
features = al_tol_schedule=[3585, 100.0, 100, 250], psucc_sentinel_as_failure=True
time taken = 119461.51500916481
Number of generations = 500
Current Time = 2026-08-28 04:53:02
Number of individuals that produced no hold time = 1
Fixer Count = 0
****************************************************************************************************
INITIAL POPULATION:
Percent Helium |Driver Pressure (MPa) | p4 (MPa) | Throat Diameter (mm) | Reservoir Pressure (MPa) | Buffer Length (mm)
    70.4372    |        0.14213          27.3383  |        82.2004        |          7.11884                 126.16       
    75.7213    |        0.01076          4.9888  |        52.2402        |          5.015                141.569      
    86.701    |        0.07839          14.0285  |        79.167        |          7.3252                98.5791      
    98.1123    |        0.02026          3.5704  |        81.6854        |          2.12153                 50.794       
    96.618    |        0.16484          21.2749  |        77.2994        |          4.96379                 70.813       
    94.4091    |        0.02813          10.1315  |        58.2435        |          6.99952                61.6536      
    82.9031    |        0.05831          20.1388  |        84.1096        |          4.70289                104.644      
    83.2216    |        0.17771          5.21254  |        79.2281        |          4.10882                91.6061      
    89.6701    |        0.07017          22.3444  |        81.001        |          6.39151                140.726      
    71.1494    |        0.09174          35.2807  |        76.087        |          5.48717                104.769      
    76.8736    |        0.06119          7.60742  |        59.4558        |          7.43344                 114.32       
    85.5815    |        0.02725          4.25995  |        67.5165        |          5.25397                69.7732      
    75.0249    |        0.13397          18.9552  |        80.0867        |          6.19975                83.9495      
    97.487    |        0.37573          7.21878  |        77.9322        |          7.60612                127.523      
    91.5183    |        0.16831          33.7808  |        66.9498        |          7.16644                60.1622      
    91.9546    |        0.01379          7.72261  |        62.5206        |          1.86677                67.6812      
    97.3442    |        0.10907          31.9365  |        70.0847        |          6.55692                 98.258       
    86.9089    |        0.20306          11.5188  |        84.1633        |          7.97355                111.421      
    78.3501    |        0.04485          26.317  |        78.2885        |          5.62525                62.4968      
    93.7277    |        0.15132          15.2937  |        82.8431        |          5.8826                113.023      
    81.7695    |        0.00195          0.49685  |        73.5455        |          6.76072                127.004      
    99.1873    |        0.04165          23.3536  |        51.6227        |          7.81309                103.826      
    88.1887    |        0.0897          21.4951  |        71.7721        |          7.38828                68.2581      
    72.5842    |        0.0253          14.7691  |        72.1396        |          7.16771                106.285      

Driver Hold Time (ms) | Piston Impact Speed (m/s)
0.99  45.1708
0.0  245.095
0.13999999999999999  40.3152
0.02  145.05
0.32  60.8752
0.05  31.7578
0.06999999999999999  40.1575
0.73  35.7983
0.25999999999999995  44.4812
0.0  350.0
0.13999999999999999  55.3151
0.12999999999999998  22.0522
0.27999999999999997  38.6092
0.19  47.0515
0.0  71.8438
0.0  140.124
0.12999999999999998  34.4689
0.12999999999999998  18.7382
0.06999999999999999  41.1801
0.32  13.5071
0.0  280.612
0.17  48.5282
0.13999999999999999  49.3384
0.13999999999999999  28.7129

****************************************************************************************************
FINAL POPULATION:
Percent Helium | Driver Pressure (MPa) | p4 (MPa) | Throat Diameter (mm) | Reservoir Pressure (MPa) | Buffer length (mm)
    99.9991    |        0.21568          9.24816  |        80.6447        |          5.45868                108.488      
    99.991    |        0.20766          9.57997  |        80.8709        |          5.54138                108.638      
    99.9506    |        0.20788          9.65465  |        80.9422        |          5.57492                108.838      
    99.8986    |        0.2086          9.6778  |        80.88        |          5.55926                108.863      
    99.8098    |        0.20978          9.76405  |        80.8995        |          5.57287                108.794      
    99.6373    |        0.20023          9.90776  |        80.6815        |          5.52282                110.346      
    99.5152    |        0.20126          9.99632  |        80.6317        |          5.52656                109.982      
    99.4171    |        0.20102          10.0978  |        80.733        |          5.54949                110.116      
    99.356    |        0.20101          10.1459  |        80.7907        |          5.53952                109.811      
    99.2386    |        0.19595          10.3461  |        80.7756        |          5.55817                109.802      
    99.1971    |        0.19683          10.3702  |        80.7929        |          5.56344                109.691      
    99.0973    |        0.19654          10.4803  |        80.7771        |          5.56656                109.741      
    98.9982    |        0.19512          10.6101  |        80.8442        |          5.58016                109.524      
    98.9268    |        0.19538          10.7347  |        80.9086        |          5.60446                110.117      
    98.8711    |        0.19534          10.783  |        80.9054        |          5.60941                109.972      
    98.7095    |        0.1886          10.9387  |        81.3061        |          5.59252                110.193      
    98.6932    |        0.18895          10.964  |        81.3078        |          5.59599                110.209      
    99.5897    |        0.17119          10.8735  |        80.835        |          5.73233                114.354      
    99.6311    |        0.17542          10.8818  |        80.7571        |          5.75227                114.618      
    99.5355    |        0.17703          10.97  |        80.7977        |          5.78109                114.788      
    99.4792    |        0.17714          11.0219  |        80.8368        |          5.7885                114.668      
    99.4067    |        0.17704          11.1782  |        80.8466        |          5.79876                114.734      
    98.9827    |        0.17419          11.7475  |        80.9275        |          5.86001                114.572      
    96.4107    |        0.16075          13.8148  |        82.601        |          5.8894                111.767      

Driver Hold Time (ms) | Piston Impact Speed (m/s)
1.6199999999999999  0.59159
1.07  35.1992
2.32  35.7933
2.26  34.9602
1.1  35.3269
2.25  34.3885
2.25  33.7095
1.06  33.5178
2.19  33.026
1.05  32.6779
1.05  32.4932
2.12  32.0128
1.03  31.6667
2.06  31.267
1.03  31.0996
2.0500000000000003  30.6841
2.04  30.6172
2.0  2.75903
0.98  1.87299
1.91  43.242
0.79  1.73643
1.9400000000000002  43.9159
1.88  40.9086
1.61  0.59106
