Simulation Type = Penalty
alpha = 10000.0time taken = 13987.209555387497
Number of individuals that produced no hold time = 2
Fixer Count = 0
****************************************************************************************************
INITIAL POPULATION:
Percent Helium |Driver Pressure (MPa) | p4 (MPa) | Throat Diameter (mm) | Reservoir Pressure (MPa)
     87.24     |         0.11         |  3.593  |        75.79        |           7.27           
     72.85     |        0.296        |  17.31  |        68.93        |          24.35          
      85.7      |         2.92         |  22.21  |        75.73        |          27.49          
     94.88     |        1.516        |  38.47  |        52.29        |          8.141          
     75.33     |        2.322        |   14.5   |        52.83        |           23.7           
      98.9      |        0.392        |  2.373  |        52.63        |          22.36          
     90.11     |        2.391        |  24.95  |        72.54        |          25.04          
     74.36     |        4.415        |  33.13  |        53.48        |          12.81          
     74.26     |        1.191        |  11.71  |        63.54        |          22.28          
     95.79     |        3.707        |  38.33  |        53.61        |           38.9           
     74.74     |        0.675        |  24.06  |        66.48        |          38.48          
      84.9      |        0.399        |  11.78  |         68.3         |          16.99          

Residual of Shock Speed (m/s) | Driver Hold Time (ms)
            257.2                    0.001        
            49.97                      0.0          
            69.29                    0.004        
            929.1                      0.0          
            275.0                    0.002        
            1624.0                      0.0          
            519.8                      0.0          
            404.4                      0.0          
            124.5                    0.002        
            688.3                    0.004        
            237.1                    0.001        
            276.6                      0.0          

****************************************************************************************************
FINAL POPULATION:
Percent Helium | Driver Pressure (MPa) | p4 (MPa) | Throat Diameter (mm) | Reservoir Pressure (MPa)
     89.55               7.05            35.26          58.67                  35.82          
     89.23              7.032           35.16          58.21                  35.63          
     88.39              7.114           35.58          57.38                  36.05          
      87.6               7.208           36.05          56.72                  36.57          
     86.73              7.316            36.6           55.85                  37.15          
     85.83              7.196            36.0           56.15                  36.42          
     85.12              7.225           36.17          55.45                  36.56          
     84.36              7.196           36.01          54.83                  36.31          
     83.51              7.217           36.11          54.23                  36.43          
     82.65              7.178           35.96          53.55                   36.2           
     81.86              7.164           35.84          53.01                  36.01          
     80.96              7.151           35.89          52.38                  36.05          

Residual of Shock Speed (m/s) | Driver Hold Time (ms)
             0.0                     0.055        
            14.03                    0.057        
            45.21                    0.057        
            70.94                    0.001        
            97.87                    0.054        
            137.9                    0.066        
            164.2                    0.068        
            181.6                    0.063        
            208.2                    0.073        
            238.5                    0.077        
            259.8                    0.079        
            275.0                    0.081        
