Simulation Type = Penalty
alpha = 1time taken = 8881.77621102333
Number of individuals that produced no hold time = 4
Fixer Count = 0
****************************************************************************************************
INITIAL POPULATION:
Percent Helium |Driver Pressure (MPa) | p4 (MPa) | Throat Diameter (mm) | Reservoir Pressure (MPa)
     78.42     |        2.331        |   12.9   |        74.86        |          17.17          
     87.77     |        0.833        |  16.08  |        57.27        |          38.85          
     86.32     |        0.618        |  22.54  |        81.82        |          28.17          
     88.93     |        0.602        |  18.13  |        82.39        |          20.04          
     70.71     |         1.13         |  19.21  |        60.67        |          20.96          
     93.42     |        3.604        |  25.37  |        80.91        |          17.02          
     73.17     |         2.08         |  37.05  |        66.22        |          5.167          
     82.69     |        1.288        |  6.837  |         54.3         |          13.58          
     78.79     |        1.256        |  35.19  |        50.57        |          11.67          
     74.09     |        3.026        |   25.9   |        56.27        |          8.737          
      98.7      |        0.985        |   15.5   |        58.93        |          38.01          
     83.32     |        4.097        |  30.87  |        72.38        |           29.4           

Residual of Shock Speed (m/s) | Driver Hold Time (ms)
            150.1                      0.0          
            331.6                    0.001        
            736.6                    0.001        
            585.3                    0.001        
            134.6                    0.002        
            114.2                      0.0          
            140.2                      0.0          
            347.4                    0.002        
            526.8                      0.0          
            580.0                      0.0          
            764.5                      0.0          
            108.9                      0.0          

****************************************************************************************************
FINAL POPULATION:
Percent Helium | Driver Pressure (MPa) | p4 (MPa) | Throat Diameter (mm) | Reservoir Pressure (MPa)
     89.57              6.342           33.01          78.99                  34.31          
     89.61               6.22            32.54          77.55                  33.63          
     89.61              6.219           32.54          77.54                  33.63          
     89.61              6.219           32.54          77.55                  33.63          
     90.16              6.249           31.37          75.45                  32.27          
     90.17              6.226           31.28          74.95                  31.96          
     89.98              6.168           31.52          74.37                  32.22          
     90.11              6.204           31.32          74.43                  32.11          
     90.13              6.153            31.1           73.31                  31.64          
     90.25               6.2            31.07          73.57                  31.82          
      90.3               6.194           30.99          73.19                  31.67          
     90.52              6.163           30.94          73.01                  31.51          

Residual of Shock Speed (m/s) | Driver Hold Time (ms)
            0.005                    0.029        
            0.086                     0.03         
            0.012                     0.03         
            0.162                    0.033        
            4.762                    0.001        
            4.296                    0.001        
            6.766                    0.012        
            4.203                    0.002        
            0.876                    0.035        
            0.008                    0.029        
            7.544                    0.001        
            16.75                    0.001        
