Simulation Type = ParentValue
time taken = 9663.947240114212
Number of individuals that produced no hold time = 4
Fixer Count = 2432
****************************************************************************************************
INITIAL POPULATION:
Percent Helium |Driver Pressure (MPa) | p4 (MPa) | Throat Diameter (mm) | Reservoir Pressure (MPa)
     94.12     |        2.279        |  29.38  |        64.48        |          6.305          
     99.86     |        1.095        |  30.67  |        60.32        |          25.36          
      75.3      |        1.648        |  38.86  |        72.41        |          37.15          
     89.59     |        2.198        |  31.59  |        72.25        |          21.91          
     84.95     |        0.356        |  22.28  |         57.9         |          34.19          
     80.75     |        4.759        |  33.28  |         57.2         |           8.15           
     96.24     |        4.323        |  31.95  |        64.58        |          22.56          
     80.97     |        2.113        |  22.21  |        74.32        |           34.3           
     90.04     |        0.815        |  25.19  |        74.53        |          36.95          
     84.12     |        3.855        |   34.5   |        57.48        |          37.41          
     94.59     |        4.596        |   39.4   |        60.34        |          36.93          
     80.72     |        2.455        |  22.14  |        73.18        |          10.24          

Residual of Shock Speed (m/s) | Driver Hold Time (ms)
            393.6                      0.0          
            1398.0                      1.0          
            121.0                      1.0          
            374.1                      0.0          
            215.6                      0.0          
            176.2                      0.0          
            520.0                      0.0          
            102.3                      2.0          
            806.3                      1.0          
            75.76                      3.0          
            461.9                      3.0          
            14.58                      0.0          

****************************************************************************************************
FINAL POPULATION:
Percent Helium | Driver Pressure (MPa) | p4 (MPa) | Throat Diameter (mm) | Reservoir Pressure (MPa)
     87.31              4.937            33.0           67.03                  34.16          
     87.31              4.937            33.0           67.03                  34.16          
      90.0               4.837           27.24          83.22                  29.05          
      90.0               4.837           27.24          83.21                  29.05          
     91.46              4.993           24.98          80.86                  26.66          
     91.45              4.994            25.0           80.88                  26.64          
     91.45              4.996           24.99           80.9                   26.64          
     91.43              4.999           24.99          80.99                  26.65          
     91.42              4.999            25.0           81.04                  26.66          
     91.38              4.998           24.99          81.07                  26.64          
     91.54              4.992           25.07          84.09                  27.05          
     91.87              4.992           25.03          84.04                  26.91          

Residual of Shock Speed (m/s) | Driver Hold Time (ms)
            0.005                      6.0          
            0.001                      6.0          
            0.009                      7.0          
            0.034                      7.0          
            0.47                      8.0          
            1.035                      8.0          
            1.648                      8.0          
            1.248                      8.0          
            1.494                      8.0          
            2.905                      8.0          
            23.29                      7.0          
            1.939                      8.0          
