Simulation Type = Penalty
alpha = 1e-06time taken = 10621.834515333176
Number of individuals that produced no hold time = 8
Fixer Count = 0
****************************************************************************************************
INITIAL POPULATION:
Percent Helium |Driver Pressure (MPa) | p4 (MPa) | Throat Diameter (mm) | Reservoir Pressure (MPa)
     71.92     |        4.326        |   31.7   |        81.33        |          10.81          
     81.14     |        0.771        |  28.23  |        57.78        |           12.5           
     88.54     |          0.7          |  34.53  |        57.12        |          9.164          
     72.15     |         2.04         |  25.51  |        64.63        |          2.356          
     89.59     |        1.542        |   11.9   |        84.79        |          3.186          
     90.47     |        2.081        |  26.89  |        80.67        |          16.52          
     70.44     |         2.66         |  38.73  |        65.62        |          20.05          
     91.39     |        3.146        |  37.83  |        55.39        |          29.55          
     83.71     |        3.843        |  20.57  |        69.57        |          17.46          
     99.97     |        4.256        |   35.3   |        64.91        |          34.05          
     81.69     |        4.284        |  39.16  |        79.75        |          38.41          
     85.87     |        2.289        |  19.94  |        76.17        |          27.15          

Residual of Shock Speed (m/s) | Driver Hold Time (ms)
            231.8                      0.0          
            91.74                    0.001        
            653.2                    0.001        
            68.62                      0.0          
            7.206                      0.0          
            404.5                      0.0          
            147.4                      0.0          
            653.5                      0.0          
            89.18                      0.0          
            794.5                    0.003        
            234.1                      0.0          
            174.2                    0.001        

****************************************************************************************************
FINAL POPULATION:
Percent Helium | Driver Pressure (MPa) | p4 (MPa) | Throat Diameter (mm) | Reservoir Pressure (MPa)
     89.77              6.197           32.11           74.0                   32.79          
     89.77               6.2             32.1            74.0                   32.73          
     89.76              6.193           32.13          73.81                  32.75          
     90.07              6.255           31.59          72.66                   32.3           
     90.19              6.272           31.41          71.99                  32.08          
     89.18              6.323           31.91          72.61                  32.49          
      89.1               6.324           31.87          72.36                  32.45          
     89.13              6.355            31.8            72.3                   32.48          
     88.95              6.309           31.82          72.13                  32.34          
     88.96              6.323           31.66          71.94                  32.29          
      88.9               6.314           31.61          71.68                   32.2           
     89.05              6.322           31.89          72.39                  32.46          

Residual of Shock Speed (m/s) | Driver Hold Time (ms)
            2.95                    0.002        
            4.025                    0.034        
            3.874                    0.034        
            8.075                    0.001        
            15.8                      0.0          
            37.18                    0.001        
            47.54                    0.001        
            36.9                      0.0          
            40.86                    0.032        
            39.31                    0.037        
            49.37                    0.001        
            53.99                    0.001        
