Simulation Type = Penalty
alpha = 10000.0time taken = 6306.004086732864
Number of individuals that produced no hold time = 6
Fixer Count = 0
****************************************************************************************************
INITIAL POPULATION:
Percent Helium |Driver Pressure (MPa) | p4 (MPa) | Throat Diameter (mm) | Reservoir Pressure (MPa)
     70.16     |        2.149        |  35.91  |        56.77        |           25.2           
     82.35     |         3.63         |  35.23  |        65.94        |          36.47          
     79.97     |        3.239        |  28.85  |        57.11        |          20.62          
     83.53     |        3.723        |  21.85  |         53.0         |          7.558          
     83.75     |        3.044        |  16.45  |        75.37        |          19.52          
     75.03     |        0.452        |  13.61  |        81.15        |          32.62          
     96.83     |        2.172        |  18.67  |        51.67        |          14.99          
     85.64     |        3.338        |  29.13  |        73.86        |          14.53          
     74.53     |        1.533        |  30.18  |        73.18        |          9.574          
     90.41     |        4.813        |  31.41  |        77.86        |          27.59          
     98.22     |        4.406        |   30.9   |        73.26        |          18.25          
     86.72     |        2.375        |  16.46  |        62.04        |           28.9           

Residual of Shock Speed (m/s) | Driver Hold Time (ms)
            229.3                    0.001        
            5.596                      0.0          
            192.6                      0.0          
            245.9                      0.0          
            128.3                      0.0          
            109.2                      0.0          
            532.5                      0.0          
            135.6                      0.0          
            4.743                      0.0          
            98.45                    0.006        
            852.3                      0.0          
            129.1                    0.002        

****************************************************************************************************
FINAL POPULATION:
Percent Helium | Driver Pressure (MPa) | p4 (MPa) | Throat Diameter (mm) | Reservoir Pressure (MPa)
     91.17              2.907            18.7            73.8                   16.52          
     89.82              6.575           33.16          63.35                  33.57          
     89.82              6.576           33.16          63.34                  33.57          
      89.8               6.574            33.2           63.34                  33.57          
     89.82              6.576           33.16          63.34                  33.56          
     89.82              6.577           33.16          63.34                  33.56          
      89.8               6.675           33.52          62.48                  33.91          
     89.76              6.714           33.74          61.72                   34.2           
      89.7               6.702           33.79          61.67                  34.23          
     89.76              6.744           33.96           61.4                   34.34          
     89.64              6.776           33.96          60.62                  34.45          
     89.49              6.809           34.14          60.47                  34.52          

Residual of Shock Speed (m/s) | Driver Hold Time (ms)
            0.006                    0.004        
            0.291                    0.047        
            0.668                    0.047        
            0.267                    0.047        
            0.074                    0.047        
            0.729                    0.047        
            0.391                    0.049        
            0.699                     0.05         
            6.021                    0.051        
            12.81                    0.001        
            10.27                      0.0          
            2.644                      0.0          
