Simulation Type = RandomCrossover
time taken = 20662.464102983475
Number of individuals that produced no hold time = 3
Fixer Count = 4087
****************************************************************************************************
INITIAL POPULATION:
Percent Helium |Driver Pressure (MPa) | p4 (MPa) | Throat Diameter (mm) | Reservoir Pressure (MPa)
     99.97     |         0.75         |  35.12  |        60.01        |          20.56          
     92.06     |        1.519        |  31.63  |        63.92        |          35.72          
     86.04     |        2.958        |   23.1   |         81.5         |          7.476          
      87.3      |        2.837        |  37.91  |        57.79        |          33.14          
     77.65     |        2.992        |  16.03  |        63.28        |          39.75          
     74.75     |        0.943        |  32.67  |        66.66        |          23.42          
     85.55     |        0.811        |  22.31  |        71.02        |          15.51          
     98.64     |        0.417        |  17.54  |        62.81        |          22.75          
     94.16     |        4.847        |  27.35  |        70.62        |           7.38           
     88.49     |        2.798        |  16.43  |        69.01        |          29.98          
     80.81     |        3.677        |  23.49  |        54.39        |           10.6           
      80.5      |        0.778        |  30.45  |        84.41        |          31.87          

Residual of Shock Speed (m/s) | Driver Hold Time (ms)
            1404.0                      0.0          
            593.5                    0.001        
            331.3                      0.0          
            277.0                    0.002        
            911.4                      0.0          
            239.1                    0.001        
            358.0                    0.001        
            72.6                      0.0          
            92.42                      0.0          
            812.2                      0.0          
            296.4                      0.0          
            429.2                    0.001        

****************************************************************************************************
FINAL POPULATION:
Percent Helium | Driver Pressure (MPa) | p4 (MPa) | Throat Diameter (mm) | Reservoir Pressure (MPa)
     91.45              4.999            25.0           84.99                  26.93          
     91.45              4.999            25.0           84.99                  26.93          
     91.46               5.0             25.0            85.0                   26.94          
     91.46               5.0             25.0           84.99                  26.94          
     91.46               5.0             25.0           84.99                  26.94          
     91.47               5.0             25.0            85.0                   26.94          
     91.49              4.999           24.99           85.0                   26.93          
     91.49              4.999            25.0           84.99                  26.93          
      91.5                5.0             25.0           84.99                  26.93          
      91.5                5.0             25.0           84.99                  26.93          
     91.52               5.0             25.0           84.99                  26.94          
     91.52               5.0             25.0           84.99                  26.94          

Residual of Shock Speed (m/s) | Driver Hold Time (ms)
             0.0                     0.009        
            0.019                    0.009        
            0.118                    0.009        
            0.318                    0.009        
            0.412                    0.009        
            0.612                    0.009        
            1.525                    0.009        
            1.677                    0.009        
            1.788                    0.009        
            1.98                    0.009        
            2.865                    0.009        
            2.884                    0.009        
