Simulation Type = ParentValue
step size = 0.005
pop size = 36
p4 treatment = hard_bounds_on_p4
time taken = 4223.718877077103
Number of generations = 50
Current Time = 2025-07-25 19:52:55
Number of individuals that produced no hold time = 0
Fixer Count = 1374
****************************************************************************************************
INITIAL POPULATION:
Percent Helium |Driver Pressure (MPa) | p4 (MPa) | Throat Diameter (mm) | Reservoir Pressure (MPa) | Buffer Length (mm)
    86.5754    |        1.2843        |  35.4847  |        59.6814        |          3.46148                145.806      
    86.9174    |        2.52397        |  39.0198  |        63.6331        |          4.39421                92.6905      
    81.7835    |        1.76572        |  39.5137  |        72.4011        |          3.64432                105.894      
    90.2961    |        1.56853        |  35.9744  |        66.5466        |          5.88403                 81.603       
    80.029    |        0.33657        |  39.2161  |        70.9132        |          1.39419                140.695      
    99.2703    |        0.24106        |  38.1472  |        54.2153        |          3.75934                118.651      
    92.8375    |        2.34362        |  39.4794  |        69.5038        |          5.32468                66.9247      
    98.7681    |        0.19825        |  3.57072  |        57.8375        |          3.54984                122.191      
    79.1501    |        1.75384        |  34.673  |        65.1797        |          3.23174                98.8839      
    82.4537    |        1.75401        |  34.1753  |        77.9391        |          6.33615                119.408      
    70.2732    |        0.60586        |  36.6768  |        56.9101        |          0.66919                56.0417      
    79.4741    |        1.13875        |  19.3455  |        82.7723        |          3.21901                113.907      
    84.0383    |        0.53117        |  22.8935  |        83.2919        |          5.07836                121.304      
    80.8977    |        2.4059        |  37.8381  |        60.8911        |          7.15013                124.598      
    89.9118    |        0.04952        |  34.395  |        51.1422        |          4.18069                137.509      
    78.2582    |        2.71715        |  39.7473  |        67.3715        |          2.97945                 57.344       
    77.0419    |        2.52762        |  37.6416  |        78.1068        |          3.90791                81.1893      
    97.8702    |        1.64213        |  35.6354  |        59.841        |          6.59032                105.036      
    93.836    |        0.57276        |  12.6954  |        71.6526        |          1.33561                101.178      
    82.0661    |        2.68319        |  39.8644  |        56.6444        |          6.79069                62.7922      
    85.1219    |        1.0351        |  32.7887  |        73.2065        |          2.94676                113.664      
    71.056    |        0.57215        |  15.0992  |        65.3343        |          7.79312                69.2127      
    79.9451    |        1.19112        |  19.8244  |        61.3547        |          5.45494                92.1509      
    96.5473    |        1.54316        |  31.9469  |        55.4202        |          6.97106                138.177      
    79.1079    |        0.34563        |  19.3404  |        52.9123        |          3.76097                108.066      
    74.6362    |        0.38984        |  17.7548  |        74.8527        |          2.80144                75.3643      
    96.3071    |        1.5558        |  36.5356  |        59.4076        |          2.13656                 126.14       
    71.9626    |        0.66732        |  28.0837  |        66.5339        |          6.69937                132.021      
    82.217    |        1.29591        |  28.261  |        61.507        |          3.18738                82.2119      
    95.8792    |        0.8388        |  38.0997  |        52.4758        |          5.07719                55.1198      
    90.9213    |        1.3277        |  25.6553  |        75.7126        |          7.10161                69.7037      
    95.2438    |        1.35382        |  36.522  |        73.1711        |          3.41492                53.5631      
    87.4991    |        2.07569        |  37.9376  |        77.7012        |          2.70675                87.2366      
    89.1288    |        1.15827        |  26.3495  |        63.632        |          2.90947                64.7515      
    87.8817    |        0.53399        |  9.52664  |        83.5709        |          2.20173                141.325      
    91.0915    |        2.6717        |  39.1573  |        73.2841        |          6.91897                50.2351      

Residual of Shock Speed (m/s) | Driver Hold Time (ms)
           1453.37                     0.0          
           1679.19                     0.0          
            1711.9                      0.0          
           1375.63                     0.0          
           1071.55                     0.0          
           534.951                     0.0          
           1316.38                     0.0          
           2193.47                     0.0          
           1881.17                     0.0          
           1986.96                     0.0          
            1639.3                      0.0          
            1907.0                      0.0          
           1700.88                     0.0          
           1887.19                     0.0          
           248.021                     0.0          
           1987.04                     0.0          
           1986.23                     0.0          
           917.097                     0.0          
           1741.96                     0.0          
           1848.89                     0.0          
           1519.29                     0.0          
           2307.88                     0.0          
           1949.03                     0.0          
            886.24                      0.0          
           1670.63                     0.0          
           1817.89                     0.0          
           1059.18                     0.0          
           1883.23                     0.0          
           1815.61                     0.0          
           600.594                     0.0          
           1512.09                     0.0          
            993.26                      0.0          
           1581.01                     0.0          
           1547.73                     0.0          
           2119.08                     0.0          
            1491.6                      0.0          

****************************************************************************************************
FINAL POPULATION:
Percent Helium | Driver Pressure (MPa) | p4 (MPa) | Throat Diameter (mm) | Reservoir Pressure (MPa) | Buffer length (mm)
    91.5094            0.11841          34.1349          51.4459                  1.86786                124.633      
    91.1584            0.13765          37.0744          58.3364                  4.97993                116.104      
    92.5254            0.15847          35.8028          50.7365                  5.19931                130.016      
    91.9835            0.13315          34.1349          51.0448                  4.19979                  124.4        
    96.0502            0.13765          26.907          62.1527                  4.18709                 128.47       
    90.9763            0.14155          39.8705          54.6965                  4.40522                 128.72       
    90.9895            0.12393          28.8828          52.2095                  3.19758                148.411      
    89.7016            0.13586          31.9957          52.2109                  4.04256                130.748      
    89.7013            0.15135          29.7503          51.8548                  4.36072                138.869      
    99.4955            0.14058          11.4205          58.2438                  3.5704                122.996      
    99.1356            0.15548          11.974          58.4591                  3.97862                124.296      
    98.6511            0.13442          11.5374          58.0652                  3.4346                118.149      
    98.9989            0.14562          11.2178          57.9715                  3.63862                122.544      
    94.7733            0.13765          12.8737          54.4945                  3.30637                148.411      
    99.3689            0.14483          7.78538          57.8961                  3.29679                122.103      
    99.9651            0.15964          7.49834          55.6585                  3.575                 124.42       
    89.8115            0.13765          12.0411          50.2209                  3.22959                148.411      
    99.4514            0.15896          7.1227          57.8694                  3.41912                126.558      
    86.2802            0.13765          12.0411          66.2899                  3.17772                148.411      
    98.2873            0.16311          6.5662          57.9108                  3.52556                 121.44       
    99.1229            0.17237          5.72924          57.4834                  3.5176                123.639      
    97.9905            0.15124          5.57517          55.8391                  3.14076                122.241      
    94.7733            0.13765          6.36208          54.4945                  2.85961                133.462      
    97.3063            0.34539          37.0744          65.779                  4.69152                73.9372      
    91.7205            0.10659          32.4356          51.8504                  4.53397                131.128      
    91.5338            0.12146          34.1349          55.6563                  4.19514                130.935      
    92.0291            0.11841          34.1349          51.5768                  3.77216                 134.55       
    90.6296            0.11841          34.1349          50.5033                  3.41118                132.367      
    91.9596            0.14155          39.8705          51.2691                  4.73661                122.362      
    85.8516            0.13765          37.0744          58.3364                  4.93671                106.482      
    87.9342            0.15135          29.7503          55.2409                  4.53494                136.436      
    97.9847            0.13442          11.1891          59.1308                  3.44423                118.581      
    99.9646            0.17385          6.44805          58.5452                  3.69697                124.732      
    99.3216            0.16785          5.78548          58.0956                  3.42773                125.191      
    99.1563            0.18429          4.65472          57.9651                  3.50654                123.805      
    99.5079            0.1999          3.79811          57.2651                  3.58287                122.284      

Residual of Shock Speed (m/s) | Driver Hold Time (ms)
           36.7539                     0.0          
           849.203                     0.0          
           1041.01                     0.0          
           201.367                   0.00028        
           382.133                     0.0          
           402.639                     0.0          
           400.586                     0.0          
           363.073                     0.0          
           1327.41                   0.00036        
           843.935                     0.0          
           319.944                     0.0          
           1648.08                   0.0002        
           179.046                   0.00019        
            1525.6                      0.0          
           1271.11                     0.0          
           1499.89                   0.00034        
           1770.77                   0.00083        
           1776.03                   0.00107        
           1507.59                     0.0          
           1644.78                     0.0          
           2077.99                   0.00021        
            1633.4                      0.0          
            2248.7                      0.0          
           1014.37                   0.00058        
           213.958                   0.00021        
           859.428                   0.00049        
           77.4107                     0.0          
           50.6961                     0.0          
            434.94                      0.0          
           293.188                   0.00037        
           1266.58                     0.0          
           1407.76                   0.0007        
           1727.82                     0.0          
           1827.12                   0.00089        
           1812.01                   0.00092        
           1343.78                     0.0          
