Simulation Type = ArnoldCHT_AL
step size = 0.1
pop size = 24
p4 treatment = None
git commit = 4e59b5a-dirty
features = al_tol_schedule=[3585, 100.0, 100, 250], psucc_sentinel_as_failure=True
time taken = 143428.8731765747
Number of generations = 500
Current Time = 2026-07-31 02:02:33
Number of individuals that produced no hold time = 0
Fixer Count = 0
****************************************************************************************************
INITIAL POPULATION:
Percent Helium |Driver Pressure (MPa) | p4 (MPa) | Throat Diameter (mm) | Reservoir Pressure (MPa) | Buffer Length (mm)
    70.4372    |        0.14213          27.3383  |        82.2004        |          7.11884                 126.16       
    75.7213    |        0.01076          4.9888  |        52.2402        |          5.015                141.569      
    86.701    |        0.07839          14.0285  |        79.167        |          7.3252                98.5791      
    98.1123    |        0.02026          3.5704  |        81.6854        |          2.12153                 50.794       
    96.618    |        0.16484          21.2749  |        77.2994        |          4.96379                 70.813       
    94.4091    |        0.02813          10.1315  |        58.2435        |          6.99952                61.6536      
    82.9031    |        0.05831          20.1388  |        84.1096        |          4.70289                104.644      
    83.2216    |        0.17771          5.21254  |        79.2281        |          4.10882                91.6061      
    89.6701    |        0.07017          22.3444  |        81.001        |          6.39151                140.726      
    71.1494    |        0.09174          35.2807  |        76.087        |          5.48717                104.769      
    76.8736    |        0.06119          7.60742  |        59.4558        |          7.43344                 114.32       
    85.5815    |        0.02725          4.25995  |        67.5165        |          5.25397                69.7732      
    75.0249    |        0.13397          18.9552  |        80.0867        |          6.19975                83.9495      
    97.487    |        0.37573          7.21878  |        77.9322        |          7.60612                127.523      
    91.5183    |        0.16831          33.7808  |        66.9498        |          7.16644                60.1622      
    91.9546    |        0.01379          7.72261  |        62.5206        |          1.86677                67.6812      
    97.3442    |        0.10907          31.9365  |        70.0847        |          6.55692                 98.258       
    86.9089    |        0.20306          11.5188  |        84.1633        |          7.97355                111.421      
    78.3501    |        0.04485          26.317  |        78.2885        |          5.62525                62.4968      
    93.7277    |        0.15132          15.2937  |        82.8431        |          5.8826                113.023      
    81.7695    |        0.00195          0.49685  |        73.5455        |          6.76072                127.004      
    99.1873    |        0.04165          23.3536  |        51.6227        |          7.81309                103.826      
    88.1887    |        0.0897          21.4951  |        71.7721        |          7.38828                68.2581      
    72.5842    |        0.0253          14.7691  |        72.1396        |          7.16771                106.285      

Driver Hold Time (ms) | Piston Impact Speed (m/s)
0.99  45.1708
0.0  245.095
0.13999999999999999  40.3152
0.02  145.05
0.32  60.8752
0.05  31.7578
0.06999999999999999  40.1575
0.73  35.7983
0.25999999999999995  44.4812
0.17  62.2836
0.13999999999999999  55.3151
0.12999999999999998  22.0522
0.27999999999999997  38.6092
0.19  47.0515
0.0  71.8438
0.0  140.124
0.12999999999999998  34.4689
0.12999999999999998  18.7382
0.06999999999999999  41.1801
0.32  13.5071
0.0  280.612
0.17  48.5282
0.13999999999999999  49.3384
0.13999999999999999  28.7129

****************************************************************************************************
FINAL POPULATION:
Percent Helium | Driver Pressure (MPa) | p4 (MPa) | Throat Diameter (mm) | Reservoir Pressure (MPa) | Buffer length (mm)
    96.4002    |        0.11709          9.52187  |        81.8815        |          3.91591                58.0088      
    96.3452    |        0.11793          9.64451  |        82.029        |          3.92996                 58.137       
    96.3331    |        0.11919          9.83406  |        81.9532        |          4.01228                58.2968      
    96.311    |        0.11966          9.91092  |        81.926        |          4.02574                58.4322      
    96.2902    |        0.11941          9.77582  |        81.9982        |          3.93955                 58.315       
    96.2598    |        0.11959          9.79034  |        82.0032        |          3.93544                58.3975      
    96.2339    |        0.12114          10.04  |        81.7633        |          4.05598                58.1277      
    96.1962    |        0.12187          10.1179  |        81.816        |          4.06098                58.1249      
    96.2372    |        0.12557          10.2034  |        81.7592        |          4.11579                56.5824      
    96.2437    |        0.12849          10.189  |        81.5769        |          4.11842                56.6976      
    96.2161    |        0.12993          10.2013  |        81.5436        |          4.11951                56.5652      
    94.8438    |        0.12189          10.3712  |        82.7007        |          4.01069                57.6573      
    94.8252    |        0.12388          10.4102  |        82.6826        |          4.0174                57.5382      
    94.7577    |        0.12529          10.4592  |        82.7808        |          4.02572                57.8504      
    94.1655    |        0.11772          10.8395  |        82.084        |          4.0116                58.5505      
    94.0849    |        0.11912          10.9003  |        82.1003        |          4.02103                 58.726       
    93.8164    |        0.11706          11.0294  |        81.9225        |          3.99909                58.4782      
    93.7777    |        0.11817          11.0016  |        81.9273        |          3.99269                 58.445       
    93.7056    |        0.11845          11.0267  |        81.8749        |          3.98707                 58.499       
    93.571    |        0.11835          11.1542  |        81.7804        |          3.99289                58.5525      
    94.2783    |        0.10183          11.4034  |        83.049        |          4.03904                  57.71        
    94.2861    |        0.10228          11.421  |        83.0498        |          4.04012                57.7171      
    94.2453    |        0.10204          11.5985  |        83.045        |          4.04403                57.6476      
    96.5014    |        0.10978          9.50292  |        82.7019        |          4.01903                57.8085      

Driver Hold Time (ms) | Piston Impact Speed (m/s)
1.88  38.955
1.84  37.9493
1.84  37.4036
1.83  36.8665
1.81  36.2638
1.8  35.9048
1.8  35.1808
1.7799999999999998  34.422
1.77  32.7421
1.76  31.5128
1.75  30.9745
0.65  29.0029
1.71  28.357
1.6900000000000002  27.9242
1.6800000000000002  27.126
1.66  26.4656
1.63  25.9365
1.6199999999999999  25.6578
1.6199999999999999  25.4864
0.62  25.1656
0.88  1.52676
1.58  1.37897
1.55  1.30028
0.71  1.10365
