Simulation Type = ParentValue
step size = 0.005
pop size = 36
p4 treatment = hard_bounds_on_p4
time taken = 37125.044067144394
Number of generations = 400
Current Time = 2025-07-08 08:45:02
Number of individuals that produced no hold time = 60
Fixer Count = 20480
****************************************************************************************************
INITIAL POPULATION:
Percent Helium |Driver Pressure (MPa) | p4 (MPa) | Throat Diameter (mm) | Reservoir Pressure (MPa)
    77.7883    |        0.26815        |  11.2215  |        52.9337        |          4.1738          
    97.7356    |        2.29096        |  34.6686  |        78.0037        |          2.41654          
    88.5687    |        0.00475        |  3.25462  |        60.724        |          6.48496          
    74.9684    |        1.56862        |  36.5562  |        82.755        |          1.96436          
    86.5245    |        1.25625        |  27.1193  |        70.3308        |          6.43826          
    70.1457    |        1.48918        |  39.1438  |        59.1063        |          7.7546          
    95.8509    |        1.78169        |  26.7433  |        73.0694        |          6.33355          
    81.1134    |        1.13251        |  34.529  |        67.5721        |          6.10003          
    73.3491    |        2.41551        |  39.7287  |        79.0161        |          3.43536          
    84.4193    |        2.04688        |  39.3752  |        56.3907        |          7.33447          
    83.7142    |        0.18097        |  13.0621  |        53.5343        |          3.38114          
    84.303    |        2.31864        |  37.9287  |        81.7695        |          6.56894          
    91.2868    |        0.42169        |  37.6385  |        57.0673        |          6.27219          
    74.1973    |        0.97719        |  24.1308  |        83.5782        |          7.41764          
    75.4538    |        1.65062        |  26.241  |        68.0227        |          5.68382          
    87.0696    |        1.22767        |  26.0866  |        58.7884        |          6.79521          
    85.8068    |        0.02999        |  18.8489  |        55.6929        |          4.02858          
    70.8699    |        0.02753        |  2.77087  |        82.5249        |          2.67119          
    87.4132    |        0.05059        |  4.43979  |        80.3569        |          0.06393          
    97.6566    |        1.87923        |  30.0175  |        64.3355        |          4.36615          
    85.6518    |        0.16818        |  34.6502  |        81.8845        |          0.82072          
    93.4769    |        0.89185        |  35.7296  |        74.8132        |          4.54525          
    86.5777    |        1.35121        |  34.9519  |        69.1434        |          4.91006          
    90.8412    |        2.00544        |  35.0288  |        61.2214        |          2.3302          
    78.6782    |        1.24238        |  34.1002  |        54.94        |          6.21567          
    74.4214    |        1.17859        |  21.7782  |        80.7683        |          4.92362          
    92.0528    |        1.34824        |  37.2614  |        78.1726        |          3.63437          
    89.3916    |        0.7293        |  31.1199  |        82.0077        |          4.71233          
    97.9954    |        0.52587        |  37.9691  |        64.6766        |          1.06048          
    92.9338    |        1.16525        |  29.3479  |        64.7159        |          5.23477          
    88.8403    |        0.73686        |  37.4826  |        69.307        |          5.19153          
    70.104    |        1.85676        |  39.4211  |        60.5362        |          6.30191          
    99.1775    |        0.09243        |  6.82237  |        54.3099        |          6.41719          
    72.6937    |        0.40317        |  9.37617  |        79.7029        |          2.84244          
    74.3874    |        2.72072        |  39.8149  |        80.1516        |          6.47083          
    86.1666    |        1.09772        |  29.1234  |        77.0316        |          7.55327          

Residual of Shock Speed (m/s) | Driver Hold Time (ms)
           2162.13                   0.00151        
           1099.21                     0.0          
           1734.57                   0.00016        
           1876.32                     0.0          
           1478.12                     0.0          
           2210.48                     0.0          
           1358.96                     0.0          
           1589.95                     0.0          
            2056.8                      0.0          
           1682.37                     0.0          
           1763.01                   0.00112        
           1756.69                     0.0          
            595.44                      0.0          
           2059.94                     0.0          
           2146.05                     0.0          
           1929.25                     0.0          
           14.1297                   0.00013        
           2529.83                   0.00014        
           1813.37                     0.0          
            989.21                      0.0          
           567.488                     0.0          
           913.449                     0.0          
           1563.75                     0.0          
           1476.01                     0.0          
            1782.8                      0.0          
           2287.08                     0.0          
           1207.73                     0.0          
           1262.68                     0.0          
           207.655                     0.0          
           1234.24                     0.0          
           997.504                     0.0          
           2050.93                     0.0          
            1431.9                    0.00012        
           2236.17                     0.0          
            3500.0                      0.0          
           1670.47                     0.0          

****************************************************************************************************
FINAL POPULATION:
Percent Helium | Driver Pressure (MPa) | p4 (MPa) | Throat Diameter (mm) | Reservoir Pressure (MPa)
    99.9079            0.32854          29.2039          51.7073                  7.60847          
    99.9824            0.35629          28.24          50.9598                  7.59974          
    99.9864            0.36972          27.052          50.956                  7.60383          
    99.9794            0.39118          26.0541          51.3253                  7.59775          
    99.9893            0.39774          24.8923          51.4149                  7.59396          
    99.9948            0.40662          23.8325          50.0676                  7.33046          
    99.997            0.44474          23.4797          50.5038                  7.59999          
    99.9908            0.45404          22.5464          50.5622                  7.61565          
    99.995            0.50127          22.3794          50.2086                  7.88773          
    99.9924            0.50166          21.4076          50.1995                  7.88221          
    99.9581            0.50478          20.5308          51.671                  7.49577          
    99.9515            0.50548          19.6621          51.6734                  7.49773          
    99.9891            0.55262          19.4733          51.4306                  7.60748          
    99.9889            0.56464          18.9727          51.3457                  7.59045          
    99.9941            0.60295          18.5437          51.1393                  7.70649          
    99.9911            0.60435          17.9767          51.1309                  7.71072          
    99.9757            0.61744          17.2874          51.6572                  7.46643          
    99.9875            0.66479          17.4332          50.2347                  7.8119          
    99.9903            0.70965          17.0674          50.4021                  7.92839          
    99.9913            0.70987          16.4829          50.3881                  7.92936          
    99.9946            0.74846          16.2626          50.7069                  7.92179          
    99.9989            0.79395          15.7733          50.5094                  7.99608          
    99.9767            0.83146          15.3345          50.416                  7.97728          
    99.9933            0.60541          12.3638          50.3006                  5.66803          
    99.9798            0.64934          12.321          50.8297                  5.89141          
    99.9857            0.70786          12.3599          50.2598                  6.17383          
    99.9918            0.77694          12.2843          50.2065                  6.4594          
    99.9956            0.83967          12.2908          52.634                  6.84718          
    99.9843            0.77394          11.3212          52.5851                  6.12656          
    99.9953            0.56916          8.85285          61.3776                  4.58876          
    99.9622            0.59615          8.72286          59.6388                  4.59254          
    99.7893            0.43421          6.66992          53.348                  3.30893          
    99.3978            0.43278          6.66992          59.8601                  3.29759          
    96.8913            0.44185          6.66992          57.2625                  3.26592          
    93.0485            0.43421          6.66992          54.3723                  3.0583          
    82.8654            0.45155          6.66992          50.207                  3.00546          

Residual of Shock Speed (m/s) | Driver Hold Time (ms)
           0.03944                   0.001        
           84.6961                   0.00106        
           162.902                   0.00112        
           207.549                   0.00109        
            334.66                    0.00126        
           386.731                   0.00132        
           453.368                   0.00139        
           514.949                   0.00144        
           552.986                   0.00144        
           638.641                   0.00159        
           709.797                   0.00167        
            694.05                    0.00165        
           791.202                   0.0018        
           833.651                   0.00187        
            889.36                    0.00196        
           926.749                   0.00201        
           1004.31                   0.00214        
           1010.16                   0.00219        
           1083.73                   0.00235        
           1094.59                   0.00236        
           1104.31                   0.00234        
           1188.79                   0.00262        
           1242.89                   0.00275        
           1330.71                   0.00283        
           1365.43                   0.00295        
           1391.75                   0.00307        
           1432.38                   0.00325        
           1460.25                   0.00337        
            3500.0                      0.0          
           1629.66                   0.0036        
           1663.55                   0.00378        
            1378.5                      0.0          
           1842.79                   0.00409        
            1750.5                    0.00039        
            1540.9                      0.0          
           2237.03                     0.0          
