Simulation Type = ParentValue
alpha = 0.1time taken = 10929.215698242188
Number of individuals that produced no hold time = 3
Fixer Count = 3451
****************************************************************************************************
INITIAL POPULATION:
Percent Helium |Driver Pressure (MPa) | p4 (MPa) | Throat Diameter (mm) | Reservoir Pressure (MPa)
      83.4      |        2.631        |  27.79  |        80.59        |          22.88          
     80.88     |          2.4          |  37.59  |        53.02        |           39.2           
     87.24     |        2.351        |  19.18  |        78.22        |           19.3           
     86.37     |         4.09         |  31.55  |        63.16        |          37.24          
     84.62     |        1.524        |  27.91  |         73.9         |          23.96          
     76.06     |        4.311        |  29.17  |        73.09        |           25.8           
     92.29     |        0.918        |  33.94  |        52.14        |          39.19          
     82.81     |        0.423        |  26.22  |        82.13        |          15.97          
     83.07     |        3.919        |   34.7   |        63.98        |          16.74          
     81.71     |        3.708        |  25.92  |        60.64        |          11.24          
     76.81     |        2.097        |  16.76  |        72.01        |          28.68          
     88.51     |        3.113        |  39.45  |        52.93        |          16.63          

Residual of Shock Speed (m/s) | Driver Hold Time (ms)
            209.7                    0.003        
            34.42                    0.001        
            427.4                      0.0          
            22.74                    0.004        
            430.3                      0.0          
            425.1                      0.0          
            885.8                    0.001        
            678.2                    0.001        
            10.36                      0.0          
            265.2                      0.0          
            394.4                    0.002        
            720.5                      0.0          

****************************************************************************************************
FINAL POPULATION:
Percent Helium | Driver Pressure (MPa) | p4 (MPa) | Throat Diameter (mm) | Reservoir Pressure (MPa)
     90.75              4.964           26.22          74.75                  27.48          
     91.55              4.917           24.59          84.82                   26.4           
     91.58              4.972           24.87          84.43                  26.74          
     91.73              4.984           24.92          84.53                  26.83          
     92.16               4.96            24.81          84.99                  26.76          
     92.56              4.971           24.86          84.99                  26.85          
     92.78              4.974           24.88          84.99                  26.89          
      93.1               4.991           24.96          84.92                  27.01          
     93.35              4.997            25.0            84.9                   27.07          
     93.75              4.996           24.99          84.91                   27.1           
     93.96               5.0            25.04           84.9                   27.17          
      94.5                5.0            25.01           85.0                    27.2           

Residual of Shock Speed (m/s) | Driver Hold Time (ms)
            0.007                    0.008        
            0.001                    0.008        
            4.633                    0.008        
            10.39                    0.008        
            29.62                    0.008        
            51.15                    0.009        
            61.25                    0.009        
            79.18                    0.009        
            92.7                    0.009        
            111.9                    0.009        
            124.2                    0.009        
            152.8                    0.009        
