Simulation Type = Penalty
time taken = 180.6440725326538
Number of individuals that produced no hold time = 8
Fixer Count = 0
************************************************************
INITIAL POPULATION:
[1.6666733440908714, 1.8064713463681685, 1.034741754374416, 1.6880981919582188, 1.172947070213159]
(211872.18274590303, 0.05)
[1.4542132894349473, 1.5268975012578725, 1.1335953789270294, 1.0308071599009705, 1.0120582529767217]
(86723.53753395964, 0.05)
[1.7990087378183737, 1.3866775234399182, 1.0359012210053349, 1.971701928144812, 1.0144675218186197]
(153948.0384310773, 0.05)
[1.8865015626332706, 1.7972223317818372, 1.075287583989585, 1.9382802228977196, 1.4536387938670026]
(564074.452809813, 0.05)
[1.0791365587147146, 1.6404911839452856, 1.107464809299102, 1.6808891404437616, 1.0080418654491943]
(275948.2680792244, 0.05)
[1.057885311260694, 1.5159555364128419, 1.1019912921329844, 1.0378431739870508, 1.308875574985637]
(229688.8424590943, 0.05)
[1.7500987753991573, 1.2635584870424261, 1.2215398324264228, 1.399958583895875, 1.59500592915803]
(976156.0164198709, 0.049914044798055085)
[1.0698436483487925, 1.502982166879598, 1.0131210402617057, 1.1754954787179637, 1.4403332516520997]
(808624.0289379366, 0.049966486317039004)
[1.534610692868398, 1.6884159675541275, 1.0862574889129417, 1.2850103698031148, 1.7495448422951076]
(423251.46038541425, 0.04981156869040126)
[1.0992556693324134, 1.969888470744062, 1.0029097771177837, 1.0871148420390317, 1.4139162442039899]
(1035855.9242584874, 0.05)
[1.126984025803262, 1.2364242881090708, 1.2541797204808325, 1.581506364478684, 1.9591052280436358]
(226286.7775557952, 0.04994302564224243)
[1.501254648521828, 1.7424845687461938, 1.0808983988251188, 1.1084095949219512, 1.3389433386380498]
(535135.8526003569, 0.05)
************************************************************
FINAL POPULATION:
[1.588209153104511, 1.7106247180097944, 0.9617656979386706, 1.3742336980235232, 1.659112586457357]
(1169135.3653932118, 0.05)
[1.605334461013221, 1.7243749539284368, 1.047365714291295, 1.3994682771647506, 1.6504140215382057]
(237149.95921210083, 0.049868832877373113)
[1.5957543087257873, 1.6926986982262129, 1.06700147410027, 1.2547494821830631, 1.740851022567915]
(25330.497778385507, 0.049856619660486275)
[1.2069658983226532, 1.479498330495104, 0.9741022942952016, 1.190507279580385, 1.332619881053624]
(1119507.2659177545, 0.049757518735468576)
[1.197823092695136, 1.599377983965522, 0.9833075524435946, 1.1764506493968006, 1.3925973720629468]
(1046312.9397974353, 0.04977079029695759)
[1.3005005808011123, 1.424943599652601, 0.9968006878736648, 1.2540529251709411, 1.2304866085631494]
(302941.63532231416, 0.05)
[1.1586517272068597, 1.555468573282198, 1.0024686419362059, 1.1540846899966835, 1.3058578983656048]
(461511.2475487758, 0.05)
[1.4768023218444146, 1.449356594603271, 1.0928673806520388, 1.226949602260209, 0.9528919293224389]
(168152.42938521897, 0.04982621599415992)
[1.5452007989361318, 1.6469140413325145, 0.9450359288053336, 1.2423821484625872, 1.7307865749062674]
(589506.3614541241, 0.04986978755585956)
[1.5990225658783337, 1.740264027509718, 0.9528492655238546, 1.3504905604010649, 1.7545123445418978]
(1282280.5532625634, 0.05)
[1.5313072311789202, 1.6836046014590709, 0.9674637534889821, 1.3111322101775345, 1.5924471515797705]
(607863.144384336, 0.05)
[1.1073622093994047, 1.577537825080494, 0.9802936580841181, 1.0087771740903477, 1.3812383998773863]
(146247.7350508234, 0.04980043842498709)
