Simulation Type = ParentValue
alpha = 0.1
time taken = 11173.67234158516
Number of individuals that produced no hold time = 8
Fixer Count = 4231
****************************************************************************************************
INITIAL POPULATION:
Percent Helium |Driver Pressure (MPa) | p4 (MPa) | Throat Diameter (mm) | Reservoir Pressure (MPa)
    90.1718    |        2.08924        |  11.2888  |        68.5017        |          19.8968          
    76.1769    |        1.9374        |  28.1324  |        67.2007        |          33.206          
    81.2587    |        4.35249        |  27.8105  |        50.8415        |          23.9729          
    74.6911    |        1.11419        |  10.5166  |        52.6363        |          1.86898          
    74.2579    |        4.35387        |  31.3974  |        53.5981        |          21.6889          
    85.2949    |        2.50833        |  22.8839  |        83.1722        |          12.8195          
    96.8622    |        3.45128        |  25.1547  |        53.3433        |          29.1239          
    93.8504    |        4.53389        |  24.0846  |        57.3985        |          20.4091          
    77.5233    |        3.66024        |  31.7471  |        60.2923        |          18.3465          
    82.6933    |        3.20917        |  22.5996  |        83.9897        |          8.51451          
    88.0875    |        1.1617        |  24.0907  |        67.6136        |          20.7631          
    92.6096    |        1.22709        |  39.9752  |        55.3501        |          6.01538          

Residual of Shock Speed (m/s) | Driver Hold Time (ms)
           874.429                     0.0          
            61.973                    0.00142        
           86.0145                   0.00032        
           646.571                   0.00304        
           65.6162                     0.0          
           105.096                   0.00062        
           208.055                   0.00394        
           173.625                   0.00021        
           142.228                     0.0          
           193.672                     0.0          
           396.592                   0.00127        
            781.58                      0.0          

****************************************************************************************************
FINAL POPULATION:
Percent Helium | Driver Pressure (MPa) | p4 (MPa) | Throat Diameter (mm) | Reservoir Pressure (MPa)
    91.2737            4.98379          25.2913          84.3739                  27.1533          
    91.4292            4.99687          25.0262          84.1489                  26.8919          
    92.3496            4.99992          25.0414          84.4061                  27.0039          
    93.6034            4.99927          25.0098          84.7701                  27.1003          
    94.7486            4.99987          25.001          84.7207                  27.195          
    95.7293            4.9985          24.993          84.8951                  27.3047          
    96.6916            4.99838          24.9988          84.9752                  27.3998          
    97.5584            4.99903          25.0096          84.9777                  27.5256          
    98.3269            4.99956          25.0112          84.9884                  27.6283          
    98.9801            4.99365          24.9724          84.9864                  27.6436          
    99.4946            4.99321          24.9913          84.9749                  27.7577          
    99.9758            4.99943          25.0135          84.9675                  27.8685          

Residual of Shock Speed (m/s) | Driver Hold Time (ms)
           0.03151                   0.00833        
            0.7352                    0.00844        
           42.8569                   0.00851        
            105.15                    0.00861        
            166.66                    0.00872        
            221.88                    0.00879        
           287.413                   0.00888        
           337.735                   0.00898        
           398.812                   0.00911        
           465.385                   0.00921        
            494.66                    0.00929        
           543.598                   0.0094        
