Simulation Type = Penalty
time taken = 191.7912027835846
Number of individuals that produced no hold time = 4
Fixer Count = 0
****************************************************************************************************
INITIAL POPULATION:
Percent Helium |Driver Pressure (MPa) | p4 (MPa) | Throat Diameter (mm) | Reservoir Pressure (MPa)
     95.22     |          4.62          |35.48|        76.61        |           6.72           
     82.37     |          1.56          |13.04|        75.42        |          35.77          
     91.81     |          4.43          |24.62|        66.71        |          15.74          
     98.47     |          3.24          |36.67|        53.49        |          31.36          
     97.30     |          2.97          |23.36|        62.15        |          37.57          
     71.75     |          0.86          |31.71|        58.07        |           7.55           
     99.84     |          1.30          |22.02|        68.62        |          39.88          
     96.79     |          0.62          |3.18|        53.47        |          39.04          
     98.94     |          0.66          |24.31|        72.22        |          36.26          
     94.29     |          2.42          |34.65|        78.02        |          31.64          
     86.47     |          1.17          |30.25|        83.40        |          35.18          
     87.97     |          0.50          |20.70|        54.86        |           4.24           

Residual of Shock Speed (m/s) | Driver Hold Time (ms)
            288.42                      0.00          
            24.20                      1.06          
            333.25                      0.00          
            967.32                      0.00          
            528.61                      1.67          
            134.50                      0.76          
           1311.54                     0.87          
            412.05                      0.08          
           1751.74                     0.75          
            668.34                      2.59          
            211.73                      0.80          
            736.52                      0.00          

****************************************************************************************************
FINAL POPULATION:
Percent Helium | Driver Pressure (MPa) | p4 (MPa) | Throat Diameter (mm) | Reservoir Pressure (MPa)
     70.52               0.46            18.19          53.02                   5.50           
     81.46               1.86            24.57          75.81                  39.99          
     80.71               1.76            28.11          76.24                  37.88          
     83.27               2.46            30.87          80.95                  42.16          
     81.12               2.19            34.75          80.85                  37.44          
     92.13               2.59            21.26          78.39                  28.24          
     91.71               2.61            25.77          76.33                  29.92          
     92.57               2.61            26.87          75.65                  28.96          
     92.74               2.34            25.14          76.28                  25.77          
     93.30               2.50            29.10          79.59                  26.93          
     96.59               3.39            29.44          57.52                  30.21          
     97.32               3.18            31.72          55.42                  29.32          

Residual of Shock Speed (m/s) | Driver Hold Time (ms)
            127.56                      0.00          
            55.73                      1.01          
            71.04                      1.49          
            55.34                      1.14          
            459.79                      3.20          
            468.23                      0.79          
            126.76                      1.32          
            579.33                      2.50          
            874.63                      0.00          
            623.69                      2.35          
            127.25                      0.79          
            418.57                      2.13          
