Simulation Type = Penalty
alpha = 10000.0time taken = 7092.19802570343
Number of individuals that produced no hold time = 5
Fixer Count = 0
****************************************************************************************************
INITIAL POPULATION:
Percent Helium |Driver Pressure (MPa) | p4 (MPa) | Throat Diameter (mm) | Reservoir Pressure (MPa)
     92.28     |        2.446        |  32.49  |        69.63        |           18.9           
     71.68     |         1.11         |  25.74  |         58.3         |          27.42          
     99.03     |        2.151        |  25.84  |        76.28        |          24.55          
      75.7      |        1.409        |  18.55  |         60.4         |          23.96          
     94.03     |        4.033        |  24.13  |        74.99        |          22.73          
     79.92     |        3.188        |  27.34  |         64.5         |          9.305          
     75.57     |        2.491        |  24.49  |        57.45        |          14.92          
     71.06     |        1.734        |  33.29  |        68.25        |          10.17          
     76.89     |        1.912        |  27.45  |        52.46        |          32.76          
     89.68     |        1.903        |  15.66  |        76.67        |          23.65          
     85.58     |        0.482        |  29.71  |        69.86        |          31.48          
      77.9      |        3.752        |  25.41  |        76.17        |          17.48          

Residual of Shock Speed (m/s) | Driver Hold Time (ms)
            532.7                      0.0          
            105.1                    0.001        
            1137.0                      0.0          
            11.26                    0.001        
            415.4                      0.0          
            237.0                      0.0          
            595.0                    0.003        
            35.5                      0.0          
            266.4                    0.001        
            50.9                    0.002        
            758.4                    0.001        
            217.1                      0.0          

****************************************************************************************************
FINAL POPULATION:
Percent Helium | Driver Pressure (MPa) | p4 (MPa) | Throat Diameter (mm) | Reservoir Pressure (MPa)
     91.59              4.859           24.34          72.95                  25.36          
     91.59              4.874           24.38          72.94                  25.41          
     91.59              4.874           24.38          72.94                  25.41          
     91.59              4.877           24.39          72.93                  25.43          
     91.59              4.876           24.39          72.94                  25.43          
     91.59              4.876           24.39          72.94                  25.43          
     91.61              4.873           24.37          72.98                  25.41          
     91.61              4.873           24.37          72.98                  25.41          
     91.61              4.874           24.37          72.98                  25.41          
     91.61              4.874           24.37          72.98                  25.41          
     91.61              4.874           24.37          72.98                  25.41          
     91.61              4.874           24.37          72.98                  25.41          

Residual of Shock Speed (m/s) | Driver Hold Time (ms)
            0.003                    0.008        
            0.022                    0.008        
            0.113                    0.008        
            0.048                    0.008        
            0.045                    0.008        
            0.032                    0.008        
            0.355                    0.008        
            0.313                    0.008        
            0.336                    0.008        
            0.364                    0.008        
            0.407                    0.008        
            0.401                    0.008        
