Simulation Type = RandomCrossover
time taken = 13003.27356338501
Number of individuals that produced no hold time = 6
Fixer Count = 1698
****************************************************************************************************
INITIAL POPULATION:
Percent Helium |Driver Pressure (MPa) | p4 (MPa) | Throat Diameter (mm) | Reservoir Pressure (MPa)
     91.68     |        4.512        |   38.1   |        59.55        |          12.68          
     81.67     |        3.642        |  39.36  |        66.02        |          7.776          
     91.94     |        4.825        |  34.87  |        63.25        |          39.73          
      72.9      |        4.104        |  38.22  |        53.87        |          13.54          
     86.75     |        0.311        |  16.17  |        71.24        |          25.85          
     91.29     |        0.377        |  8.028  |        82.24        |          3.424          
     93.25     |        0.844        |  8.622  |        81.84        |          15.37          
      96.1      |        4.471        |  28.71  |        84.91        |          9.209          
     72.53     |        4.446        |  35.23  |        74.77        |          19.97          
     93.17     |         4.26         |  22.19  |        60.47        |          30.14          
     79.11     |        0.296        |  14.54  |        81.39        |          34.53          
     95.81     |        4.182        |  31.62  |         75.9         |          27.71          

Residual of Shock Speed (m/s) | Driver Hold Time (ms)
            204.3                      0.000000          
            295.7                      0.000000          
            218.4                    0.003000        
            154.2                      0.000000          
            435.7                      0.000000          
            74.31                    0.002000        
            571.1                      0.000000          
            668.9                      0.000000          
            328.0                      0.000000          
            475.1                      0.000000          
            286.6                      0.000000          
            181.3                    0.004000        

****************************************************************************************************
FINAL POPULATION:
Percent Helium | Driver Pressure (MPa) | p4 (MPa) | Throat Diameter (mm) | Reservoir Pressure (MPa)
     90.22              4.964           27.23          64.79                  28.08          
     91.29              4.984           25.26          63.83                  25.83          
     91.46              4.983           24.94          64.59                  25.64          
     91.47              4.988           24.94          64.63                  25.65          
     91.47              4.988           24.94          64.62                  25.65          
     91.47              4.988           24.94          64.62                  25.65          
     91.47              4.987           24.94          64.62                  25.64          
      91.5                5.0             25.0           64.31                  25.71          
     91.51               5.0            25.01          64.31                  25.71          
     91.52               5.0             25.0           64.32                  25.71          
     91.53               5.0             25.0           64.32                   25.7           
     91.53               5.0             25.0           64.32                   25.7           

Residual of Shock Speed (m/s) | Driver Hold Time (ms)
            0.002                    0.007000        
            0.003                    0.008000        
            0.032                    0.008000        
            0.009                    0.008000        
            0.137                    0.008000        
            0.112                    0.008000        
            0.343                    0.008000        
            2.163                    0.008000        
            2.542                    0.008000        
            3.07                    0.008000        
            3.428                    0.008000        
            3.667                    0.008000        
