Simulation Type = ParentValue
step size = 0.005
pop size = 36
p4 treatment = hard_bounds_on_p4
time taken = 34647.95950269699
Number of generations = 500
Current Time = 2025-07-26 10:09:27
Number of individuals that produced no hold time = 0
Fixer Count = 3929
****************************************************************************************************
INITIAL POPULATION:
Percent Helium |Driver Pressure (MPa) | p4 (MPa) | Throat Diameter (mm) | Reservoir Pressure (MPa) | Buffer Length (mm)
    93.2443    |        1.19261        |  21.2721  |        52.607        |          2.19885                142.484      
    92.987    |        0.32831        |  36.9989  |        63.5545        |          3.36905                58.4337      
    96.2317    |        0.38839        |  28.1367  |        53.8976        |          4.5024                127.392      
    87.9436    |        0.52259        |  38.3132  |        55.6445        |          3.0675                  105.6        
    71.1554    |        0.93193        |  17.1416  |        71.6833        |          6.62792                58.4817      
    82.2993    |        1.63728        |  35.7149  |        80.195        |          6.6781                127.871      
    79.4035    |        1.0839        |  24.5311  |        57.7555        |          5.20878                136.761      
    95.2163    |        1.30033        |  28.8368  |        81.2682        |          4.90503                76.7719      
    83.2679    |        0.1324        |  17.2674  |        75.74        |          5.29005                136.214      
    96.6235    |        0.20066        |  8.10634  |        64.0934        |          5.13544                142.024      
    94.9721    |        0.18041        |  20.2964  |        72.1634        |          4.88851                96.7575      
    73.0298    |        1.13044        |  36.5237  |        80.2358        |          6.81287                91.0223      
    70.6084    |        0.7402        |  13.2136  |        83.8577        |          3.60393                75.9386      
    76.1462    |        2.34102        |  37.591  |        69.7324        |          6.70219                51.9037      
    99.3624    |        1.83061        |  36.6787  |        79.936        |          6.40717                114.808      
    75.5391    |        2.12975        |  33.656  |        60.0773        |          2.61075                104.291      
    87.4318    |        1.04638        |  34.9973  |        58.245        |          6.95869                113.845      
    95.1436    |        1.13446        |  34.1143  |        72.655        |          4.45243                121.116      
    97.1085    |        0.41326        |  7.32952  |        59.7253        |          1.73442                55.2537      
    82.1611    |        0.31749        |  5.26494  |        79.2318        |          4.74355                 61.393       
    72.9652    |        2.47921        |  39.3062  |        76.1513        |          7.71746                85.1992      
    93.5772    |        1.40002        |  28.6991  |        52.0314        |          2.42445                97.6365      
    97.8775    |        0.72187        |  35.0614  |        69.0991        |          2.22741                83.9854      
    98.7292    |        1.01093        |  38.8717  |        59.9932        |          7.01226                 131.89       
    71.2707    |        1.7254        |  29.8828  |        76.4918        |          6.67113                84.8123      
    91.1163    |        2.5819        |  37.8584  |        62.454        |          6.07779                 97.218       
    73.3661    |        1.74114        |  33.6181  |        66.9651        |          6.3429                141.245      
    99.5572    |        1.56178        |  35.0171  |        77.9016        |          6.06528                122.572      
    86.7027    |        0.08643        |  8.38042  |        56.15        |          2.48759                59.8887      
    71.7542    |        0.16812        |  14.0486  |        78.3335        |          3.4748                100.968      
    77.3705    |        2.35273        |  38.9532  |        55.3577        |          3.23953                140.074      
    98.0405    |        1.66504        |  34.3546  |        58.4594        |          6.11671                123.014      
    78.191    |        0.0482        |  38.387  |        75.4118        |          5.89378                 65.648       
    73.169    |        0.17051        |  21.3589  |        74.8443        |          2.36639                101.037      
    98.2255    |        0.465        |  19.1224  |        84.8758        |          5.5193                114.385      
    91.0475    |        1.75675        |  33.7564  |        52.4956        |          7.41996                83.9082      

Residual of Shock Speed (m/s) | Driver Hold Time (ms)
           1656.08                     0.0          
            341.31                      0.0          
           460.346                     0.0          
           873.806                     0.0          
           2413.69                     0.0          
           1736.61                     0.0          
           1618.57                     0.0          
           1279.59                     0.0          
           1299.63                   0.00029        
           2130.97                   0.00028        
           630.373                     0.0          
           1848.18                     0.0          
           2345.74                     0.0          
           2018.96                     0.0          
            803.73                      0.0          
           2068.65                     0.0          
           1378.73                     0.0          
           866.365                     0.0          
           1875.28                     0.0          
           2537.59                     0.0          
            2086.2                      0.0          
           1405.79                     0.0          
           480.246                     0.0          
            421.02                      0.0          
           2168.52                     0.0          
           1509.76                     0.0          
            2003.7                      0.0          
           813.934                     0.0          
           1754.79                     0.0          
           1991.67                     0.0          
           1962.17                     0.0          
           894.897                     0.0          
           131.377                   0.00012        
           1602.67                     0.0          
            891.04                      0.0          
           1428.64                     0.0          

****************************************************************************************************
FINAL POPULATION:
Percent Helium | Driver Pressure (MPa) | p4 (MPa) | Throat Diameter (mm) | Reservoir Pressure (MPa) | Buffer length (mm)
    99.7735            0.16543          22.5605          61.9581                  4.80458                133.439      
    99.7828            0.1663          22.6091          61.9428                  4.80199                133.493      
    99.6838            0.16727          22.3161          62.018                  4.81151                133.645      
    99.4691            0.16774          21.6419          62.3309                  4.80779                133.424      
    88.3725            0.15283          39.9946          59.9486                  7.9198                68.1564      
    99.3604            0.16866          21.0253          62.4741                  4.80044                133.562      
    88.0674            0.15438          39.5349          60.1193                  7.96254                68.7401      
    99.1617            0.17159          20.1166          62.5096                  4.82562                133.821      
    99.9834            0.21807          20.0294          84.505                  7.74851                104.152      
    99.8514            0.22563          19.0339          84.6635                  7.77191                104.015      
    99.9627            0.23208          17.6596          84.6784                  7.50068                110.201      
    99.3206            0.23748          16.8424          84.2211                  7.40467                109.919      
    99.3464            0.14578          12.9917          76.5506                  3.80194                134.722      
    98.1053            0.19042          15.3673          63.2076                  4.98229                134.931      
    98.8824            0.15104          12.6223          76.5141                  3.84732                134.585      
    81.5943            0.17465          32.3381          74.8607                  5.3027                139.294      
    99.5184            0.15125          11.5453          77.4778                  3.75891                136.322      
    99.1437            0.15488          11.2525          77.1277                  3.77404                135.145      
    98.1009            0.20446          12.6889          63.5579                  5.02268                137.266      
    99.0634            0.15847          10.8235          77.7256                  3.78415                136.066      
    99.9399            0.13807          9.40325          78.4246                  3.27124                136.479      
    99.8993            0.14168          9.14933          78.3024                  3.28215                136.922      
    99.9502            0.14558          8.72566          78.3003                  3.27723                137.116      
    99.9278            0.14914          8.45095          78.3332                  3.28606                137.139      
    99.8136            0.16977          8.27895          79.3082                  3.56368                140.627      
    99.7765            0.16596          7.78596          82.7657                  3.50744                139.929      
    99.8044            0.17053          7.43363          82.7888                  3.48806                140.201      
    99.7511            0.17358          7.11272          82.6326                  3.44143                140.428      
    99.6782            0.1858          6.83437          83.256                  3.53187                141.116      
    96.9204            0.19496          8.22502          77.1283                  3.90562                 138.18       
    99.8453            0.20198          6.66068          78.9031                  3.62456                140.718      
    99.588            0.19607          6.3314          83.3063                  3.50817                141.157      
    95.8999            0.24327          7.94265          64.5192                  5.19276                141.432      
    99.6233            0.20911          5.82733          82.9044                  3.49265                141.036      
    99.6134            0.21442          5.55346          82.8656                  3.45684                141.082      
    87.4658            0.09373          5.46858          78.4908                  2.01121                91.9844      

Residual of Shock Speed (m/s) | Driver Hold Time (ms)
           0.05729                   0.00085        
           1.40272                     0.0          
           33.0409                   0.00087        
           104.894                   0.0009        
           160.839                   0.0004        
           161.807                   0.00092        
           201.895                   0.00041        
           255.435                   0.00094        
           293.925                   0.00096        
           395.984                   0.00102        
           497.296                   0.0011        
           637.363                   0.00111        
           739.265                   0.00119        
           762.713                   0.001        
           833.035                   0.00126        
           848.828                   0.00062        
            886.25                    0.00135        
           960.211                   0.00141        
           1021.54                     0.0          
           1022.43                   0.00148        
           1058.73                   0.00152        
           1104.28                   0.00159        
           1165.07                   0.00169        
           1212.31                   0.00175        
           1291.52                   0.00189        
            1353.1                    0.00196        
           1409.91                   0.00207        
           1466.27                   0.00217        
           1534.95                   0.00226        
           1545.97                   0.00162        
           1576.26                   0.00207        
           1634.99                   0.00235        
           1710.46                   0.00108        
           1732.35                   0.00243        
           1785.61                   0.00249        
           2072.44                   0.00164        
