Simulation Type = ParentValue
time taken = 14929.36516237259
Number of individuals that produced no hold time = 4
Fixer Count = 5019
****************************************************************************************************
INITIAL POPULATION:
Percent Helium |Driver Pressure (MPa) | p4 (MPa) | Throat Diameter (mm) | Reservoir Pressure (MPa)
     98.67     |        2.999        |  18.26  |        50.54        |          38.75          
     78.98     |         2.61         |  25.78  |        80.91        |          29.46          
     81.68     |         0.69         |  15.93  |        71.54        |          24.84          
     99.37     |        1.257        |   29.7   |        71.43        |          3.612          
      74.7      |         2.97         |  37.61  |        59.94        |          33.03          
     90.39     |        3.599        |  39.05  |        70.31        |          32.12          
     85.04     |        3.302        |  25.41  |        82.32        |          37.41          
     95.96     |        1.268        |  24.99  |        73.39        |          20.12          
     88.93     |        2.175        |  20.56  |        83.32        |          36.55          
     93.94     |        0.331        |  16.87  |        76.11        |          16.53          
     83.57     |         3.16         |  33.74  |        56.76        |          13.73          
     90.28     |        2.492        |  27.76  |        71.28        |          4.467          

Residual of Shock Speed (m/s) | Driver Hold Time (ms)
            507.2                    0.001        
            172.8                    0.003        
            189.9                    0.001        
            1099.0                      0.0          
            349.1                    0.002        
            251.7                    0.004        
            105.9                    0.004        
            893.3                    0.001        
            4.16                    0.001        
            1024.0                      0.0          
            123.8                      0.0          
            293.6                      0.0          

****************************************************************************************************
FINAL POPULATION:
Percent Helium | Driver Pressure (MPa) | p4 (MPa) | Throat Diameter (mm) | Reservoir Pressure (MPa)
     91.39              4.996           25.11          84.88                  27.03          
     91.46              4.994           24.97          84.99                   26.9           
     91.51              4.995           24.98          84.99                  26.91          
     91.78              4.997            25.0           84.95                  26.95          
     91.82               5.0             25.0           84.95                  26.96          
     91.89               5.0             25.0           84.98                  26.96          
     92.14              4.997           24.99          84.96                  26.97          
     92.26              4.997           24.99          84.98                  26.98          
     92.28               5.0             25.0           84.98                  26.99          
     92.33              4.997           24.99          84.99                  26.99          
     92.45              4.996           24.99          84.99                  26.99          
     92.56               5.0            25.02          84.97                  27.04          

Residual of Shock Speed (m/s) | Driver Hold Time (ms)
             0.0                     0.008        
            0.033                    0.009        
            2.04                    0.009        
            14.81                    0.009        
            16.51                    0.009        
            19.87                    0.009        
            31.64                    0.009        
            36.99                    0.009        
            38.1                    0.009        
            40.59                    0.009        
            46.29                    0.009        
            52.13                    0.009        
