generation,ind_number,parent_idx,chosen,offspring_ind_number,sigma,hv_contribution,raw_pct_he,raw_driver_p,raw_p4,raw_d_throat,raw_reservoir_p,raw_buffer_length,scaled_pct_he,scaled_driver_p,scaled_p4,scaled_d_throat,scaled_reservoir_p,scaled_buffer_length,raw_delta_vs1,raw_hold_time,raw_impact_speed,scaled_delta_vs1,scaled_hold_time,scaled_impact_speed
489,0,0,False,,5.632924116853529e-05,0.0013890508783428457,98.77377315030151,232268.3675482904,12594665.408595294,0.08375283873798806,7265676.503168011,0.10367565527521147,1.9591257716767172,1.084559494834262,1.0336771168620018,1.964366821085373,1.9054648729412635,1.5367565527521148,101.65041103523436,0.0010780900000000003,34.82832,,0.7843819999999999,0.09950948571428571
489,1,1,False,,1.7816906943008792e-05,3.800482399993199e-06,98.7129416163364,229611.3585738909,12695892.023916995,0.08372760497328938,7264397.526181824,0.10374884101671572,1.95709805387788,1.083588002973844,1.0345855575738316,1.9636458563796966,1.9053326020404597,1.5374884101671573,100.43661579203126,0.0010580700000000012,34.20851,,0.7883859999999998,0.0977386
489,2,2,False,,8.477851133454294e-05,4.949767999917754e-07,98.62334260772394,228469.75360135437,12784158.048396407,0.08375307702276577,7258251.798673442,0.104023387265536,1.9541114202574648,1.0831705937933265,1.0351490055960955,1.9643736292218787,1.904555708102624,1.5402338726553602,101.04361913389585,0.0010570399999999987,33.8763,,0.7885920000000003,0.09678942857142857
489,3,3,False,,7.295994813465785e-05,0.0,98.52719690338778,227642.1358878337,12836081.449069671,0.08422389786013423,7234363.247329473,0.10461576808586881,1.950906563446259,1.0828679889169524,1.0355159453494571,1.9778256531466925,1.901492344272289,1.546157680858688,102.37828237098938,0.0020700100000000006,33.62182,,0.5859979999999999,0.09606234285714285
489,4,4,False,,0.00018544905454223633,4.492673371422895e-06,98.53894877893028,224568.36047381267,12891048.518301059,0.08415504764521821,7235304.195229287,0.10502240224177233,1.9512982926310092,1.0817441132265628,1.0363803641583085,1.9758585041490915,1.9016523017341695,1.5502240224177233,88.3742438546783,0.001027049999999998,33.03532,,0.7945900000000004,0.09438662857142857
489,5,5,False,,9.437849182990903e-05,1.1844207999933687e-06,98.47327710150597,223604.9258499732,13014884.997642659,0.08414788951618701,7240931.845664999,0.10509383179872475,1.9491092367168659,1.0813918491190182,1.0370616086627558,1.9756539861767717,1.902388169955734,1.5509383179872476,90.57361009188844,0.0010191399999999982,32.77316,,0.7961720000000003,0.09363759999999999
489,6,6,False,,9.05345592965642e-05,1.7152950857052263e-06,98.41797880634932,222866.80730961467,13152514.235197851,0.08426352554293695,7263994.808609015,0.10508086650828567,1.947265960211644,1.0811219681510233,1.0377506422759362,1.9789578726553414,1.905362918037363,1.5508086650828568,88.74099713308487,0.0010148799999999993,32.51112,,0.7970240000000002,0.09288891428571427
489,7,7,False,,3.0017885005320778e-05,0.0,98.26694635787919,222167.4453042667,13292930.345084464,0.0840923691284991,7253947.633117021,0.10553192210204204,1.9422315452626397,1.0808662578759631,1.0384460464961067,1.9740676893856883,1.9040796569434293,1.5553192210204205,86.90646097877334,0.001966059999999998,32.19005,,0.6067880000000003,0.09197157142857143
489,8,8,False,,5.072465318559957e-06,0.00010058457057142423,98.01129062239349,220222.8772377994,13597157.664695967,0.08399284943901102,7274043.167736324,0.10496261792614078,1.9337096874131163,1.0801552583773526,1.0400699925233003,1.971224269686029,1.9066866799898856,1.5496261792614079,89.22988184294218,0.00098993,31.80648,,0.802014,0.09087565714285714
489,9,9,False,,1.6724278292925312e-06,0.0,97.74515791165659,216600.70919465632,13772092.390842587,0.08415951519430478,7237402.094580987,0.10651633746453887,1.9248385970552195,1.0788308718943243,1.0416347302992475,1.975986148408708,1.902022512667456,1.5651633746453888,99.82940089918884,0.0018831300000000002,30.45473,,0.623374,0.08701351428571429
489,10,10,True,0,5.201551488135287e-06,0.0,97.80875206188807,215284.40241170317,13765857.388666984,0.08414470457288942,7237437.07084999,0.10650623575002277,1.9269584020629358,1.0783495858551075,1.0419406809422276,1.9755629877968404,1.9020435724862894,1.5650623575002278,100.43661579203126,0.0018451100000000005,30.08716,,0.6309779999999999,0.08596331428571428
489,11,11,False,,6.8129529294480724e-06,0.0,97.76195504593609,214011.7985920615,13822736.691395985,0.08413507956646821,7241427.139010438,0.10662693097281976,1.925398501531203,1.0778842790894057,1.04249000138067,1.9752879876133773,1.9025720510528914,1.5662693097281977,110.72699162699382,0.0018219199999999973,29.72317,,0.6356160000000005,0.08492334285714286
489,12,12,False,,3.162060504208597e-06,0.0,97.64878013103811,207967.05057772927,14249754.403905448,0.08390460310234783,7350746.205197988,0.10665322340505856,1.921626004367937,1.0756741158755125,1.0458323388589976,1.9687029457813665,1.9166772267242338,1.5665322340505856,87.64050641765743,0.0017561,28.50892,,0.64878,0.08145405714285714
489,13,13,False,,0.00010933096277541389,0.0,97.51595781407883,205676.39504967222,14385946.455037255,0.08395101775642391,7337989.400486782,0.1068130795723912,1.9171985938026277,1.0748365751588758,1.0470443000462533,1.9700290787549688,1.9150650353941217,1.568130795723912,88.00741362426243,0.001730869999999999,28.0144,,0.6538260000000002,0.08004114285714285
489,14,14,False,,4.403811525921498e-06,0.0,97.21647573143764,197338.44431747988,14370356.911228485,0.0845774486576806,7144529.6710256515,0.10903999877099291,1.9072158577145881,1.0717879398900687,1.0494901136371846,1.9879271045051599,1.890361728127074,1.590399987709929,113.50100673470433,0.0017028200000000003,27.288500000000003,,0.6594359999999999,0.07796714285714286
489,15,15,False,,7.495544650300009e-05,0.0,97.15804378452256,197867.376265421,14476007.96713278,0.0845005677086999,7160723.62745341,0.10914828906882529,1.9052681261507518,1.071981335203028,1.0497786202951138,1.985730505962854,1.892429876160595,1.591482890688253,112.05424741261868,0.0016899800000000002,26.679880000000004,,0.6620039999999999,0.07622822857142858
489,16,16,False,,0.00019678619060127858,0.0,97.09529093658003,197575.7698028822,14590853.832569178,0.08446596119465123,7171920.541142252,0.10919048962768332,1.9031763645526678,1.0718747140709464,1.0503647154356899,1.9847417484186065,1.8938689522093792,1.5919048962768332,100.19375522720065,0.0016720500000000009,26.27982,,0.6655899999999998,0.0750852
489,17,17,True,0,0.00013731678916173513,0.0,97.07519800662479,198082.86463253066,14614201.463554583,0.08445757405666936,7172088.217865073,0.10923413473736714,1.9025066002208264,1.072060124998877,1.0503041823681525,1.9845021159048386,1.8938835458297991,1.5923413473736714,99.10046362465755,0.0016638100000000017,26.12141,,0.6672379999999997,0.07463260000000001
489,18,18,False,,1.006473363064146e-05,0.0,96.77514369766963,190635.72183884474,15204933.872064667,0.08343315769433224,7262435.664581318,0.10746126232443828,1.892504789922321,1.069337199078361,1.055389921359631,1.9552330769809207,1.9055538569917558,1.574612623244383,76.59737571486266,0.00163694,25.26223,,0.672612,0.0721778
489,19,19,False,,1.0390499582016569e-05,0.0033907548257502834,96.74886753521461,192232.85766399166,15212744.225947613,0.08344594796503027,7262503.299928278,0.10742960383010666,1.8916289178404873,1.0699211656622385,1.0548609836516727,1.955598513286579,1.9055431999152743,1.5742960383010667,76.84353622169692,0.0007460399999999999,24.75145,,0.850792,0.07071842857142857
489,20,20,False,,1.0811764919933333e-05,0.0,96.57106289152657,192047.51472960808,15377505.137139896,0.08346109661181222,7264909.095135789,0.1079204500576294,1.8857020963842186,1.0698533980506593,1.055655442663189,1.9560313317660631,1.9058535632419702,1.579204500576294,75.98182328585244,0.0016151399999999975,23.91655,,0.6769720000000005,0.068333
489,21,21,False,,0.00016613061588539,0.0,96.94692707646173,164241.8487274246,14506782.02360914,0.08097372611918874,6299917.440435449,0.1085489107857315,1.8982309025487243,1.0596867112028183,1.06267441187023,1.8849636034053923,1.783035345560219,1.585489107857315,92.01132519485918,0.0016039499999999994,0.6502527,,0.6792100000000001,0.0018578648571428572
489,22,22,False,,0.00016613061588539,0.0,96.9525601429631,164478.6014888993,14525541.345782407,0.08097593709058454,6299882.692068595,0.10852973757146664,1.898418671432103,1.0597732759765621,1.0626632861067424,1.885026774016701,1.7830243551814613,1.5852973757146664,104.49232585595973,0.0016000699999999986,29.326069999999998,,0.6799860000000003,0.08378877142857143
489,23,23,False,,1.2272599764047864e-06,1.063493525428616e-05,97.4994322519804,187937.93461445396,13713868.051566072,0.08441395756149526,7103374.541299265,0.10862267119828353,1.9166477417326797,1.0683507973180026,1.0496170922656256,1.983255930328436,1.885225507529748,1.5862267119828353,98.73588063031684,0.0007018900000000002,0.4215433,,0.859622,0.0012044094285714286
